,tn,fp,fn,tp,percentage
0,0.00044742729306487697,0.0,0.9897091722595078,0.009843400447427294,0.01
1,0.00044742729306487697,0.0,0.9897091722595078,0.009843400447427294,0.02
2,0.0006263982102908277,0.0,0.9895302013422819,0.009843400447427294,0.03
3,0.0010738255033557046,0.0,0.989082774049217,0.009843400447427294,0.04
4,0.0017002237136465323,0.0,0.9884563758389262,0.009843400447427294,0.05
5,0.002774049217002237,0.0,0.9873825503355704,0.009843400447427294,0.06
6,0.005279642058165548,0.0,0.9848769574944072,0.009843400447427294,0.07
7,0.008053691275167786,0.0,0.9821029082774049,0.009843400447427294,0.08
8,0.011543624161073825,0.0,0.9786129753914988,0.009843400447427294,0.09
9,0.01628635346756152,0.0,0.9738702460850112,0.009843400447427294,0.1
10,0.019955257270693513,0.0,0.9702013422818792,0.009843400447427294,0.11
11,0.02666666666666667,0.0,0.963489932885906,0.009843400447427294,0.12
12,0.04357941834451901,0.0,0.9465771812080537,0.009843400447427294,0.13
13,0.05431767337807606,0.0,0.9358389261744966,0.009843400447427294,0.14
14,0.06720357941834453,0.0,0.9229530201342282,0.009843400447427294,0.15
15,0.07883668903803132,0.0,0.9113199105145414,0.009843400447427294,0.16
16,0.0934228187919463,0.0,0.8967337807606264,0.009843400447427294,0.17
17,0.11194630872483222,0.0,0.8782102908277405,0.009843400447427294,0.18
18,0.15624161073825504,0.0,0.8339149888143177,0.009843400447427294,0.19
19,0.18129753914988814,0.0,0.8088590604026845,0.009843400447427294,0.2
20,0.20894854586129755,0.0,0.7812080536912752,0.009843400447427294,0.21
21,0.23731543624161075,0.0,0.752841163310962,0.009843400447427294,0.22
22,0.2664876957494407,0.0,0.723668903803132,0.009843400447427294,0.23
23,0.29700223713646534,0.0,0.6931543624161074,0.009843400447427294,0.24
24,0.3290380313199105,0.0,0.6611185682326622,0.009843400447427294,0.25
25,0.39659955257270696,0.0,0.5935570469798658,0.009843400447427294,0.26
26,0.4299776286353468,0.0,0.5601789709172259,0.009843400447427294,0.27
27,0.465413870246085,0.0,0.5247427293064877,0.009843400447427294,0.28
28,0.5009395973154362,0.0,0.4892170022371365,0.009843400447427294,0.29
29,0.5363758389261745,8.94854586129754e-05,0.4537807606263982,0.009753914988814318,0.3
30,0.574317673378076,0.00026845637583892615,0.41583892617449664,0.009574944071588367,0.31
31,0.6397315436241611,0.00026845637583892615,0.3504250559284116,0.009574944071588367,0.32
32,0.6701565995525727,0.00026845637583892615,0.32,0.009574944071588367,0.33
33,0.6961968680089485,0.0003579418344519016,0.29395973154362415,0.009485458612975391,0.34
34,0.7247427293064876,0.0003579418344519016,0.26541387024608504,0.009485458612975391,0.35
35,0.7506040268456375,0.0003579418344519016,0.2395525727069351,0.009485458612975391,0.36
36,0.7728859060402684,0.0003579418344519016,0.21727069351230424,0.009485458612975391,0.37
37,0.8161968680089485,0.00044742729306487697,0.17395973154362415,0.009395973154362415,0.38
38,0.8364205816554809,0.0005369127516778523,0.1537360178970917,0.009306487695749441,0.39
39,0.8529753914988815,0.0006263982102908277,0.13718120805369127,0.009217002237136465,0.4
40,0.8695302013422819,0.0007158836689038032,0.12062639821029082,0.00912751677852349,0.41
41,0.8833109619686801,0.0007158836689038032,0.10684563758389262,0.00912751677852349,0.42
42,0.8968232662192394,0.0008053691275167785,0.09333333333333334,0.009038031319910515,0.43
43,0.9176733780760626,0.0008948545861297539,0.07248322147651007,0.008948545861297539,0.44
44,0.9264429530201342,0.0008948545861297539,0.06371364653243848,0.008948545861297539,0.45
45,0.9352125279642058,0.0008948545861297539,0.05494407158836689,0.008948545861297539,0.46
46,0.9429082774049217,0.0009843400447427293,0.047248322147651005,0.008859060402684563,0.47
47,0.9506040268456376,0.0011633109619686801,0.03955257270693512,0.008680089485458613,0.48
48,0.9560626398210291,0.0012527964205816555,0.034093959731543624,0.008590604026845637,0.49
49,0.9631319910514541,0.0013422818791946308,0.02702460850111857,0.008501118568232663,0.5
50,0.9694854586129754,0.0014317673378076063,0.020671140939597314,0.008411633109619687,0.51
51,0.9733333333333334,0.0014317673378076063,0.016823266219239373,0.008411633109619687,0.52
52,0.9761968680089486,0.0015212527964205817,0.01395973154362416,0.00832214765100671,0.53
53,0.97834451901566,0.0017897091722595079,0.011812080536912751,0.008053691275167786,0.54
54,0.9804026845637583,0.0018791946308724832,0.009753914988814318,0.00796420581655481,0.55
55,0.9821029082774049,0.002147651006711409,0.008053691275167786,0.007695749440715884,0.56
56,0.9853243847874721,0.0022371364653243847,0.004832214765100671,0.007606263982102908,0.57
57,0.9857718120805369,0.0022371364653243847,0.004384787472035794,0.007606263982102908,0.58
58,0.9867561521252797,0.0023266219239373603,0.0034004474272930647,0.007516778523489933,0.59
59,0.9874720357941834,0.0025950782997762865,0.0026845637583892616,0.007248322147651007,0.6
60,0.9880089485458613,0.002774049217002237,0.002147651006711409,0.0070693512304250555,0.61
61,0.9881879194630873,0.0030425055928411633,0.0019686800894854585,0.006800894854586129,0.62
62,0.9891722595078299,0.0033109619686800896,0.0009843400447427293,0.006532438478747204,0.63
63,0.9894407158836689,0.00348993288590604,0.0007158836689038032,0.006353467561521253,0.64
64,0.9894407158836689,0.0035794183445190158,0.0007158836689038032,0.006263982102908278,0.65
65,0.9895302013422819,0.0037583892617449664,0.0006263982102908277,0.006085011185682327,0.66
66,0.9897091722595078,0.004026845637583893,0.00044742729306487697,0.0058165548098434005,0.67
67,0.9898881431767338,0.004205816554809843,0.00026845637583892615,0.005637583892617449,0.68
68,0.9899776286353468,0.004295302013422818,0.0001789709172259508,0.005548098434004474,0.69
69,0.9899776286353468,0.004295302013422818,0.0001789709172259508,0.005548098434004474,0.7
70,0.9899776286353468,0.0044742729306487695,0.0001789709172259508,0.005369127516778523,0.71
71,0.9899776286353468,0.0044742729306487695,0.0001789709172259508,0.005369127516778523,0.72
72,0.9900671140939598,0.004653243847874721,8.94854586129754e-05,0.005190156599552573,0.73
73,0.9900671140939598,0.004832214765100671,8.94854586129754e-05,0.005011185682326622,0.74
74,0.9900671140939598,0.005011185682326622,8.94854586129754e-05,0.004832214765100671,0.75
75,0.9900671140939598,0.005369127516778523,8.94854586129754e-05,0.0044742729306487695,0.76
76,0.9900671140939598,0.005369127516778523,8.94854586129754e-05,0.0044742729306487695,0.77
77,0.9900671140939598,0.005727069351230425,8.94854586129754e-05,0.004116331096196868,0.78
78,0.9900671140939598,0.0058165548098434005,8.94854586129754e-05,0.004026845637583893,0.79
79,0.9900671140939598,0.006085011185682327,8.94854586129754e-05,0.0037583892617449664,0.8
80,0.9900671140939598,0.006442953020134228,8.94854586129754e-05,0.0034004474272930647,0.81
81,0.9900671140939598,0.006890380313199105,8.94854586129754e-05,0.002953020134228188,0.82
82,0.9900671140939598,0.0071588366890380315,8.94854586129754e-05,0.0026845637583892616,0.83
83,0.9900671140939598,0.007337807606263982,8.94854586129754e-05,0.002505592841163311,0.84
84,0.9900671140939598,0.007427293064876958,8.94854586129754e-05,0.0024161073825503354,0.85
85,0.9900671140939598,0.007785234899328859,8.94854586129754e-05,0.002058165548098434,0.86
86,0.9900671140939598,0.007874720357941834,8.94854586129754e-05,0.0019686800894854585,0.87
87,0.9900671140939598,0.008053691275167786,8.94854586129754e-05,0.0017897091722595079,0.88
88,0.9900671140939598,0.008232662192393736,8.94854586129754e-05,0.001610738255033557,0.89
89,0.9900671140939598,0.008680089485458613,8.94854586129754e-05,0.0011633109619686801,0.9
90,0.9900671140939598,0.008948545861297539,8.94854586129754e-05,0.0008948545861297539,0.91
91,0.9900671140939598,0.009217002237136465,8.94854586129754e-05,0.0006263982102908277,0.92
92,0.9900671140939598,0.009395973154362415,8.94854586129754e-05,0.00044742729306487697,0.93
93,0.9901565995525727,0.009485458612975391,0.0,0.0003579418344519016,0.94
94,0.9901565995525727,0.009485458612975391,0.0,0.0003579418344519016,0.95
95,0.9901565995525727,0.009485458612975391,0.0,0.0003579418344519016,0.96
96,0.9901565995525727,0.009664429530201342,0.0,0.0001789709172259508,0.97
97,0.9901565995525727,0.009664429530201342,0.0,0.0001789709172259508,0.98
98,0.9901565995525727,0.009753914988814318,0.0,8.94854586129754e-05,0.99
99,0.9901565995525727,0.009753914988814318,0.0,8.94854586129754e-05,1.0
