,tn,fp,fn,tp,percentage
0,0.0003579418344519016,0.0,0.9897986577181208,0.009843400447427294,0.01
1,0.0009843400447427293,0.0,0.9891722595078299,0.009843400447427294,0.02
2,0.0019686800894854585,0.0,0.9881879194630873,0.009843400447427294,0.03
3,0.004653243847874721,0.0,0.9855033557046979,0.009843400447427294,0.04
4,0.004653243847874721,0.0,0.9855033557046979,0.009843400447427294,0.05
5,0.01029082774049217,0.0,0.9798657718120806,0.009843400447427294,0.06
6,0.019060402684563757,0.0,0.971096196868009,0.009843400447427294,0.07
7,0.031946308724832215,0.0,0.9582102908277405,0.009843400447427294,0.08
8,0.031946308724832215,0.0,0.9582102908277405,0.009843400447427294,0.09
9,0.05100671140939597,0.0,0.9391498881431767,0.009843400447427294,0.1
10,0.07507829977628636,0.0,0.9150782997762864,0.009843400447427294,0.11
11,0.1123937360178971,0.0,0.8777628635346756,0.009843400447427294,0.12
12,0.16143176733780762,0.0,0.8287248322147651,0.009843400447427294,0.13
13,0.16143176733780762,0.0,0.8287248322147651,0.009843400447427294,0.14
14,0.2156599552572707,0.0,0.774496644295302,0.009843400447427294,0.15
15,0.2777628635346756,0.0,0.7123937360178971,0.009843400447427294,0.16
16,0.34890380313199104,0.0,0.6412527964205816,0.009843400447427294,0.17
17,0.34890380313199104,0.0,0.6412527964205816,0.009843400447427294,0.18
18,0.42192393736017897,0.0,0.5682326621923938,0.009843400447427294,0.19
19,0.4936912751677852,0.0,0.49646532438478747,0.009843400447427294,0.2
20,0.5609843400447427,0.0001789709172259508,0.42917225950783,0.009664429530201342,0.21
21,0.5609843400447427,0.0001789709172259508,0.42917225950783,0.009664429530201342,0.22
22,0.6259507829977629,0.0001789709172259508,0.3642058165548098,0.009664429530201342,0.23
23,0.6843847874720358,0.0001789709172259508,0.3057718120805369,0.009664429530201342,0.24
24,0.7376286353467562,0.0001789709172259508,0.2525279642058166,0.009664429530201342,0.25
25,0.7829082774049217,0.0001789709172259508,0.20724832214765102,0.009664429530201342,0.26
26,0.7829082774049217,0.0001789709172259508,0.20724832214765102,0.009664429530201342,0.27
27,0.8212080536912751,0.0003579418344519016,0.16894854586129754,0.009485458612975391,0.28
28,0.8558389261744966,0.0003579418344519016,0.13431767337807607,0.009485458612975391,0.29
29,0.8834004474272931,0.00044742729306487697,0.10675615212527964,0.009395973154362415,0.3
30,0.8834004474272931,0.00044742729306487697,0.10675615212527964,0.009395973154362415,0.31
31,0.909261744966443,0.0008948545861297539,0.08089485458612976,0.008948545861297539,0.32
32,0.9278747203579418,0.0010738255033557046,0.06228187919463087,0.008769574944071589,0.33
33,0.942013422818792,0.0010738255033557046,0.04814317673378076,0.008769574944071589,0.34
34,0.942013422818792,0.0010738255033557046,0.04814317673378076,0.008769574944071589,0.35
35,0.9540044742729307,0.0011633109619686801,0.03615212527964206,0.008680089485458613,0.36
36,0.9629530201342282,0.0012527964205816555,0.027203579418344517,0.008590604026845637,0.37
37,0.9698434004474273,0.0013422818791946308,0.020313199105145414,0.008501118568232663,0.38
38,0.974854586129754,0.001610738255033557,0.015302013422818792,0.008232662192393736,0.39
39,0.974854586129754,0.001610738255033557,0.015302013422818792,0.008232662192393736,0.4
40,0.9787024608501118,0.0017897091722595079,0.01145413870246085,0.008053691275167786,0.41
41,0.9813870246085011,0.002058165548098434,0.008769574944071589,0.007785234899328859,0.42
42,0.9827293064876957,0.002147651006711409,0.007427293064876958,0.007695749440715884,0.43
43,0.9827293064876957,0.002147651006711409,0.007427293064876958,0.007695749440715884,0.44
44,0.9846085011185682,0.0024161073825503354,0.005548098434004474,0.007427293064876958,0.45
45,0.9858612975391499,0.0026845637583892616,0.004295302013422818,0.0071588366890380315,0.46
46,0.9872035794183445,0.002953020134228188,0.002953020134228188,0.006890380313199105,0.47
47,0.9872035794183445,0.002953020134228188,0.002953020134228188,0.006890380313199105,0.48
48,0.9880089485458613,0.003131991051454139,0.002147651006711409,0.006711409395973154,0.49
49,0.9884563758389262,0.00348993288590604,0.0017002237136465323,0.006353467561521253,0.5
50,0.988903803131991,0.00348993288590604,0.0012527964205816555,0.006353467561521253,0.51
51,0.988993288590604,0.0037583892617449664,0.0011633109619686801,0.006085011185682327,0.52
52,0.988993288590604,0.0037583892617449664,0.0011633109619686801,0.006085011185682327,0.53
53,0.9893512304250559,0.003847874720357942,0.0008053691275167785,0.005995525727069352,0.54
54,0.9896196868008948,0.004116331096196868,0.0005369127516778523,0.005727069351230425,0.55
55,0.9897986577181208,0.004116331096196868,0.0003579418344519016,0.005727069351230425,0.56
56,0.9897986577181208,0.004116331096196868,0.0003579418344519016,0.005727069351230425,0.57
57,0.9899776286353468,0.004384787472035794,0.0001789709172259508,0.005458612975391499,0.58
58,0.9900671140939598,0.004921700223713647,8.94854586129754e-05,0.004921700223713647,0.59
59,0.9900671140939598,0.005637583892617449,8.94854586129754e-05,0.004205816554809843,0.6
60,0.9900671140939598,0.005637583892617449,8.94854586129754e-05,0.004205816554809843,0.61
61,0.9900671140939598,0.005727069351230425,8.94854586129754e-05,0.004116331096196868,0.62
62,0.9900671140939598,0.005906040268456376,8.94854586129754e-05,0.003937360178970917,0.63
63,0.9900671140939598,0.006174496644295302,8.94854586129754e-05,0.003668903803131991,0.64
64,0.9900671140939598,0.006353467561521253,8.94854586129754e-05,0.00348993288590604,0.65
65,0.9900671140939598,0.006353467561521253,8.94854586129754e-05,0.00348993288590604,0.66
66,0.9900671140939598,0.006890380313199105,8.94854586129754e-05,0.002953020134228188,0.67
67,0.9900671140939598,0.0071588366890380315,8.94854586129754e-05,0.0026845637583892616,0.68
68,0.9900671140939598,0.007427293064876958,8.94854586129754e-05,0.0024161073825503354,0.69
69,0.9900671140939598,0.007427293064876958,8.94854586129754e-05,0.0024161073825503354,0.7
70,0.9900671140939598,0.007785234899328859,8.94854586129754e-05,0.002058165548098434,0.71
71,0.9900671140939598,0.00796420581655481,8.94854586129754e-05,0.0018791946308724832,0.72
72,0.9900671140939598,0.008232662192393736,8.94854586129754e-05,0.001610738255033557,0.73
73,0.9900671140939598,0.008232662192393736,8.94854586129754e-05,0.001610738255033557,0.74
74,0.9900671140939598,0.008411633109619687,8.94854586129754e-05,0.0014317673378076063,0.75
75,0.9900671140939598,0.008411633109619687,8.94854586129754e-05,0.0014317673378076063,0.76
76,0.9900671140939598,0.008411633109619687,8.94854586129754e-05,0.0014317673378076063,0.77
77,0.9900671140939598,0.008769574944071589,8.94854586129754e-05,0.0010738255033557046,0.78
78,0.9900671140939598,0.008769574944071589,8.94854586129754e-05,0.0010738255033557046,0.79
79,0.9900671140939598,0.008859060402684563,8.94854586129754e-05,0.0009843400447427293,0.8
80,0.9901565995525727,0.009038031319910515,0.0,0.0008053691275167785,0.81
81,0.9901565995525727,0.00912751677852349,0.0,0.0007158836689038032,0.82
82,0.9901565995525727,0.00912751677852349,0.0,0.0007158836689038032,0.83
83,0.9901565995525727,0.009217002237136465,0.0,0.0006263982102908277,0.84
84,0.9901565995525727,0.009306487695749441,0.0,0.0005369127516778523,0.85
85,0.9901565995525727,0.009395973154362415,0.0,0.00044742729306487697,0.86
86,0.9901565995525727,0.009395973154362415,0.0,0.00044742729306487697,0.87
87,0.9901565995525727,0.009664429530201342,0.0,0.0001789709172259508,0.88
88,0.9901565995525727,0.009753914988814318,0.0,8.94854586129754e-05,0.89
89,0.9901565995525727,0.009753914988814318,0.0,8.94854586129754e-05,0.9
90,0.9901565995525727,0.009753914988814318,0.0,8.94854586129754e-05,0.91
91,0.9901565995525727,0.009753914988814318,0.0,8.94854586129754e-05,0.92
92,0.9901565995525727,0.009753914988814318,0.0,8.94854586129754e-05,0.93
93,0.9901565995525727,0.009753914988814318,0.0,8.94854586129754e-05,0.94
94,0.9901565995525727,0.009753914988814318,0.0,8.94854586129754e-05,0.95
95,0.9901565995525727,0.009753914988814318,0.0,8.94854586129754e-05,0.96
96,0.9901565995525727,0.009753914988814318,0.0,8.94854586129754e-05,0.97
97,0.9901565995525727,0.009753914988814318,0.0,8.94854586129754e-05,0.98
98,0.9901565995525727,0.009753914988814318,0.0,8.94854586129754e-05,0.99
99,0.9901565995525727,0.009753914988814318,0.0,8.94854586129754e-05,1.0
