,tn,fp,fn,tp,percentage
0,0.00026845637583892615,0.0,0.9898881431767338,0.009843400447427294,0.01
1,0.0007158836689038032,0.0,0.9894407158836689,0.009843400447427294,0.02
2,0.0017897091722595079,0.0,0.9883668903803132,0.009843400447427294,0.03
3,0.0028635346756152127,0.0,0.9872930648769574,0.009843400447427294,0.04
4,0.0037583892617449664,0.0,0.9863982102908277,0.009843400447427294,0.05
5,0.006263982102908278,0.0,0.9838926174496644,0.009843400447427294,0.06
6,0.008501118568232663,0.0,0.9816554809843401,0.009843400447427294,0.07
7,0.012080536912751677,0.0,0.978076062639821,0.009843400447427294,0.08
8,0.01395973154362416,0.0,0.9761968680089486,0.009843400447427294,0.09
9,0.017539149888143177,0.0,0.9726174496644295,0.009843400447427294,0.1
10,0.023176733780760628,0.0,0.966979865771812,0.009843400447427294,0.11
11,0.028635346756152126,0.0,0.9615212527964205,0.009843400447427294,0.12
12,0.034809843400447425,0.0,0.9553467561521253,0.009843400447427294,0.13
13,0.04313199105145414,0.0,0.9470246085011186,0.009843400447427294,0.14
14,0.050648769574944075,0.0,0.9395078299776286,0.009843400447427294,0.15
15,0.058702460850111854,0.0,0.9314541387024609,0.009843400447427294,0.16
16,0.06434004474272931,0.0,0.9258165548098434,0.009843400447427294,0.17
17,0.07427293064876958,0.0,0.9158836689038031,0.009843400447427294,0.18
18,0.08313199105145413,0.0,0.9070246085011185,0.009843400447427294,0.19
19,0.0953020134228188,0.0,0.8948545861297539,0.009843400447427294,0.2
20,0.10505592841163311,0.0,0.8851006711409396,0.009843400447427294,0.21
21,0.11579418344519016,0.0,0.8743624161073825,0.009843400447427294,0.22
22,0.12814317673378076,0.0,0.8620134228187919,0.009843400447427294,0.23
23,0.1410290827740492,0.0,0.8491275167785235,0.009843400447427294,0.24
24,0.1480089485458613,0.0,0.8421476510067114,0.009843400447427294,0.25
25,0.16348993288590605,8.94854586129754e-05,0.8266666666666667,0.009753914988814318,0.26
26,0.17736017897091721,8.94854586129754e-05,0.8127964205816555,0.009753914988814318,0.27
27,0.19212527964205817,8.94854586129754e-05,0.7980313199105146,0.009753914988814318,0.28
28,0.20662192393736017,8.94854586129754e-05,0.7835346756152125,0.009753914988814318,0.29
29,0.221834451901566,0.0001789709172259508,0.7683221476510067,0.009664429530201342,0.3
30,0.23597315436241612,0.0001789709172259508,0.7541834451901566,0.009664429530201342,0.31
31,0.2532438478747204,0.0001789709172259508,0.7369127516778523,0.009664429530201342,0.32
32,0.27033557046979867,0.0001789709172259508,0.719821029082774,0.009664429530201342,0.33
33,0.2778523489932886,0.0001789709172259508,0.7123042505592841,0.009664429530201342,0.34
34,0.2927069351230425,0.0001789709172259508,0.6974496644295302,0.009664429530201342,0.35
35,0.3099776286353468,0.0001789709172259508,0.6801789709172259,0.009664429530201342,0.36
36,0.3275167785234899,0.00026845637583892615,0.6626398210290828,0.009574944071588367,0.37
37,0.3447874720357942,0.00026845637583892615,0.6453691275167786,0.009574944071588367,0.38
38,0.36456375838926175,0.00026845637583892615,0.6255928411633109,0.009574944071588367,0.39
39,0.3807606263982103,0.00026845637583892615,0.6093959731543624,0.009574944071588367,0.4
40,0.4004474272930649,0.0003579418344519016,0.5897091722595078,0.009485458612975391,0.41
41,0.41011185682326623,0.00044742729306487697,0.5800447427293065,0.009395973154362415,0.42
42,0.42639821029082775,0.00044742729306487697,0.5637583892617449,0.009395973154362415,0.43
43,0.4438478747203579,0.00044742729306487697,0.5463087248322148,0.009395973154362415,0.44
44,0.46013422818791944,0.00044742729306487697,0.5300223713646532,0.009395973154362415,0.45
45,0.4786577181208054,0.00044742729306487697,0.5114988814317674,0.009395973154362415,0.46
46,0.49583892617449665,0.00044742729306487697,0.4943176733780761,0.009395973154362415,0.47
47,0.5120357941834451,0.00044742729306487697,0.47812080536912754,0.009395973154362415,0.48
48,0.5270693512304251,0.0005369127516778523,0.46308724832214765,0.009306487695749441,0.49
49,0.5360178970917227,0.0005369127516778523,0.4541387024608501,0.009306487695749441,0.5
50,0.5541834451901566,0.0005369127516778523,0.4359731543624161,0.009306487695749441,0.51
51,0.5700223713646533,0.0007158836689038032,0.42013422818791946,0.00912751677852349,0.52
52,0.5863087248322147,0.0007158836689038032,0.40384787472035794,0.00912751677852349,0.53
53,0.6025950782997763,0.0007158836689038032,0.3875615212527964,0.00912751677852349,0.54
54,0.6176286353467562,0.0007158836689038032,0.3725279642058166,0.00912751677852349,0.55
55,0.636510067114094,0.0007158836689038032,0.35364653243847877,0.00912751677852349,0.56
56,0.6533333333333333,0.0008053691275167785,0.33682326621923936,0.009038031319910515,0.57
57,0.6697091722595079,0.0008053691275167785,0.32044742729306486,0.009038031319910515,0.58
58,0.6776733780760626,0.0008948545861297539,0.3124832214765101,0.008948545861297539,0.59
59,0.6931543624161074,0.0009843400447427293,0.29700223713646534,0.008859060402684563,0.6
60,0.7067561521252796,0.0010738255033557046,0.2834004474272931,0.008769574944071589,0.61
61,0.7215212527964205,0.0010738255033557046,0.26863534675615214,0.008769574944071589,0.62
62,0.7353914988814317,0.0010738255033557046,0.25476510067114094,0.008769574944071589,0.63
63,0.7508724832214765,0.0010738255033557046,0.2392841163310962,0.008769574944071589,0.64
64,0.76751677852349,0.0013422818791946308,0.22263982102908278,0.008501118568232663,0.65
65,0.7821029082774049,0.0014317673378076063,0.2080536912751678,0.008411633109619687,0.66
66,0.7874720357941835,0.0015212527964205817,0.20268456375838925,0.00832214765100671,0.67
67,0.8004474272930648,0.001610738255033557,0.18970917225950784,0.008232662192393736,0.68
68,0.8130648769574944,0.0018791946308724832,0.1770917225950783,0.00796420581655481,0.69
69,0.825682326621924,0.002058165548098434,0.16447427293064876,0.007785234899328859,0.7
70,0.8378523489932886,0.002058165548098434,0.15230425055928412,0.007785234899328859,0.71
71,0.8489485458612975,0.0024161073825503354,0.14120805369127518,0.007427293064876958,0.72
72,0.8587919463087248,0.0024161073825503354,0.13136465324384788,0.007427293064876958,0.73
73,0.8686353467561522,0.0025950782997762865,0.12152125279642058,0.007248322147651007,0.74
74,0.8734675615212528,0.0025950782997762865,0.11668903803131991,0.007248322147651007,0.75
75,0.883758389261745,0.002953020134228188,0.10639821029082774,0.006890380313199105,0.76
76,0.8944071588366891,0.0030425055928411633,0.09574944071588366,0.006800894854586129,0.77
77,0.9031767337807606,0.003131991051454139,0.08697986577181208,0.006711409395973154,0.78
78,0.912662192393736,0.0034004474272930647,0.0774944071588367,0.006442953020134228,0.79
79,0.9222371364653243,0.003668903803131991,0.06791946308724832,0.006174496644295302,0.8
80,0.93082774049217,0.004026845637583893,0.05932885906040269,0.0058165548098434005,0.81
81,0.9389709172259508,0.004295302013422818,0.05118568232662193,0.005548098434004474,0.82
82,0.945413870246085,0.004384787472035794,0.0447427293064877,0.005458612975391499,0.83
83,0.94917225950783,0.0044742729306487695,0.04098434004474273,0.005369127516778523,0.84
84,0.9568680089485458,0.004653243847874721,0.03328859060402684,0.005190156599552573,0.85
85,0.9624161073825503,0.004653243847874721,0.02774049217002237,0.005190156599552573,0.86
86,0.967427293064877,0.005011185682326622,0.02272930648769575,0.004832214765100671,0.87
87,0.9719015659955257,0.005190156599552573,0.01825503355704698,0.004653243847874721,0.88
88,0.9762863534675615,0.005458612975391499,0.013870246085011185,0.004384787472035794,0.89
89,0.9787024608501118,0.006085011185682327,0.01145413870246085,0.0037583892617449664,0.9
90,0.9812080536912752,0.006532438478747204,0.008948545861297539,0.0033109619686800896,0.91
91,0.9822818791946308,0.006800894854586129,0.007874720357941834,0.0030425055928411633,0.92
92,0.9846085011185682,0.007337807606263982,0.005548098434004474,0.002505592841163311,0.93
93,0.9863982102908277,0.007606263982102908,0.0037583892617449664,0.0022371364653243847,0.94
94,0.9884563758389262,0.008232662192393736,0.0017002237136465323,0.001610738255033557,0.95
95,0.9892617449664429,0.00832214765100671,0.0008948545861297539,0.0015212527964205817,0.96
96,0.9899776286353468,0.009038031319910515,0.0001789709172259508,0.0008053691275167785,0.97
97,0.9900671140939598,0.009217002237136465,8.94854586129754e-05,0.0006263982102908277,0.98
98,0.9901565995525727,0.009664429530201342,0.0,0.0001789709172259508,0.99
99,0.9901565995525727,0.009664429530201342,0.0,0.0001789709172259508,1.0
