,tn,fp,fn,tp,percentage
0,0.00026845637583892615,0.0,0.9898881431767338,0.009843400447427294,0.01
1,0.00044742729306487697,0.0,0.9897091722595078,0.009843400447427294,0.02
2,0.0009843400447427293,0.0,0.9891722595078299,0.009843400447427294,0.03
3,0.0017897091722595079,0.0,0.9883668903803132,0.009843400447427294,0.04
4,0.004116331096196868,0.0,0.9860402684563758,0.009843400447427294,0.05
5,0.005548098434004474,0.0,0.9846085011185682,0.009843400447427294,0.06
6,0.008501118568232663,0.0,0.9816554809843401,0.009843400447427294,0.07
7,0.01261744966442953,0.0,0.9775391498881432,0.009843400447427294,0.08
8,0.017807606263982104,0.0,0.9723489932885906,0.009843400447427294,0.09
9,0.023534675615212528,0.0,0.9666219239373601,0.009843400447427294,0.1
10,0.03337807606263982,0.0,0.9567785234899329,0.009843400447427294,0.11
11,0.04268456375838926,0.0,0.9474720357941835,0.009843400447427294,0.12
12,0.05503355704697987,0.0,0.9351230425055929,0.009843400447427294,0.13
13,0.06961968680089485,0.0,0.9205369127516778,0.009843400447427294,0.14
14,0.08778523489932887,0.0,0.9023713646532439,0.009843400447427294,0.15
15,0.11006711409395974,0.0,0.880089485458613,0.009843400447427294,0.16
16,0.13333333333333333,0.0,0.8568232662192393,0.009843400447427294,0.17
17,0.15946308724832214,0.0,0.8306935123042506,0.009843400447427294,0.18
18,0.19293064876957494,0.0,0.7972259507829977,0.009843400447427294,0.19
19,0.261923937360179,0.0,0.7282326621923937,0.009843400447427294,0.2
20,0.29977628635346754,0.0,0.6903803131991052,0.009843400447427294,0.21
21,0.3400447427293065,0.0,0.6501118568232662,0.009843400447427294,0.22
22,0.3792393736017897,0.0,0.610917225950783,0.009843400447427294,0.23
23,0.4191498881431767,0.0,0.571006711409396,0.009843400447427294,0.24
24,0.46380313199105144,0.0,0.5263534675615212,0.009843400447427294,0.25
25,0.5021923937360179,0.0,0.4879642058165548,0.009843400447427294,0.26
26,0.5438926174496644,8.94854586129754e-05,0.4462639821029083,0.009753914988814318,0.27
27,0.5840715883668903,8.94854586129754e-05,0.40608501118568235,0.009753914988814318,0.28
28,0.6261297539149888,0.0001789709172259508,0.3640268456375839,0.009664429530201342,0.29
29,0.6606711409395973,0.0001789709172259508,0.3294854586129754,0.009664429530201342,0.3
30,0.6936912751677853,0.0001789709172259508,0.29646532438478745,0.009664429530201342,0.31
31,0.723579418344519,0.00026845637583892615,0.2665771812080537,0.009574944071588367,0.32
32,0.7539149888143176,0.00026845637583892615,0.23624161073825503,0.009574944071588367,0.33
33,0.7830872483221476,0.0003579418344519016,0.20706935123042505,0.009485458612975391,0.34
34,0.8074272930648769,0.00044742729306487697,0.18272930648769575,0.009395973154362415,0.35
35,0.8321252796420582,0.00044742729306487697,0.15803131991051453,0.009395973154362415,0.36
36,0.8527964205816555,0.00044742729306487697,0.13736017897091723,0.009395973154362415,0.37
37,0.8672930648769575,0.0005369127516778523,0.12286353467561521,0.009306487695749441,0.38
38,0.883847874720358,0.0007158836689038032,0.10630872483221476,0.00912751677852349,0.39
39,0.8973601789709172,0.0007158836689038032,0.09279642058165548,0.00912751677852349,0.4
40,0.9247427293064877,0.0009843400447427293,0.06541387024608501,0.008859060402684563,0.41
41,0.9356599552572707,0.0009843400447427293,0.054496644295302016,0.008859060402684563,0.42
42,0.9432662192393736,0.0009843400447427293,0.04689038031319911,0.008859060402684563,0.43
43,0.9497986577181208,0.0010738255033557046,0.040357941834451905,0.008769574944071589,0.44
44,0.9582997762863534,0.0013422818791946308,0.03185682326621924,0.008501118568232663,0.45
45,0.9628635346756153,0.0013422818791946308,0.027293064876957495,0.008501118568232663,0.46
46,0.9677852348993289,0.0013422818791946308,0.02237136465324385,0.008501118568232663,0.47
47,0.9715436241610739,0.0014317673378076063,0.018612975391498882,0.008411633109619687,0.48
48,0.9753914988814317,0.0015212527964205817,0.01476510067114094,0.00832214765100671,0.49
49,0.978523489932886,0.0017002237136465323,0.011633109619686801,0.00814317673378076,0.5
50,0.9804026845637583,0.0017002237136465323,0.009753914988814318,0.00814317673378076,0.51
51,0.9821029082774049,0.0018791946308724832,0.008053691275167786,0.00796420581655481,0.52
52,0.9837136465324384,0.002058165548098434,0.006442953020134228,0.007785234899328859,0.53
53,0.9852348993288591,0.002147651006711409,0.004921700223713647,0.007695749440715884,0.54
54,0.9862192393736018,0.0022371364653243847,0.003937360178970917,0.007606263982102908,0.55
55,0.9868456375838927,0.0025950782997762865,0.0033109619686800896,0.007248322147651007,0.56
56,0.9872035794183445,0.002953020134228188,0.002953020134228188,0.006890380313199105,0.57
57,0.9876510067114094,0.003131991051454139,0.002505592841163311,0.006711409395973154,0.58
58,0.9880089485458613,0.00348993288590604,0.002147651006711409,0.006353467561521253,0.59
59,0.9887248322147651,0.00348993288590604,0.0014317673378076063,0.006353467561521253,0.6
60,0.989082774049217,0.00348993288590604,0.0010738255033557046,0.006353467561521253,0.61
61,0.9892617449664429,0.00348993288590604,0.0008948545861297539,0.006353467561521253,0.62
62,0.9895302013422819,0.003668903803131991,0.0006263982102908277,0.006174496644295302,0.63
63,0.9897986577181208,0.0037583892617449664,0.0003579418344519016,0.006085011185682327,0.64
64,0.9898881431767338,0.004116331096196868,0.00026845637583892615,0.005727069351230425,0.65
65,0.9899776286353468,0.004384787472035794,0.0001789709172259508,0.005458612975391499,0.66
66,0.9899776286353468,0.004384787472035794,0.0001789709172259508,0.005458612975391499,0.67
67,0.9900671140939598,0.004563758389261745,8.94854586129754e-05,0.005279642058165548,0.68
68,0.9900671140939598,0.004653243847874721,8.94854586129754e-05,0.005190156599552573,0.69
69,0.9900671140939598,0.004832214765100671,8.94854586129754e-05,0.005011185682326622,0.7
70,0.9900671140939598,0.005190156599552573,8.94854586129754e-05,0.004653243847874721,0.71
71,0.9900671140939598,0.005190156599552573,8.94854586129754e-05,0.004653243847874721,0.72
72,0.9900671140939598,0.005279642058165548,8.94854586129754e-05,0.004563758389261745,0.73
73,0.9900671140939598,0.005548098434004474,8.94854586129754e-05,0.004295302013422818,0.74
74,0.9900671140939598,0.005727069351230425,8.94854586129754e-05,0.004116331096196868,0.75
75,0.9900671140939598,0.005906040268456376,8.94854586129754e-05,0.003937360178970917,0.76
76,0.9900671140939598,0.006174496644295302,8.94854586129754e-05,0.003668903803131991,0.77
77,0.9900671140939598,0.006532438478747204,8.94854586129754e-05,0.0033109619686800896,0.78
78,0.9900671140939598,0.006800894854586129,8.94854586129754e-05,0.0030425055928411633,0.79
79,0.9900671140939598,0.00697986577181208,8.94854586129754e-05,0.0028635346756152127,0.8
80,0.9900671140939598,0.007337807606263982,8.94854586129754e-05,0.002505592841163311,0.81
81,0.9900671140939598,0.007337807606263982,8.94854586129754e-05,0.002505592841163311,0.82
82,0.9900671140939598,0.007695749440715884,8.94854586129754e-05,0.002147651006711409,0.83
83,0.9900671140939598,0.00832214765100671,8.94854586129754e-05,0.0015212527964205817,0.84
84,0.9900671140939598,0.008680089485458613,8.94854586129754e-05,0.0011633109619686801,0.85
85,0.9900671140939598,0.008859060402684563,8.94854586129754e-05,0.0009843400447427293,0.86
86,0.9900671140939598,0.008859060402684563,8.94854586129754e-05,0.0009843400447427293,0.87
87,0.9900671140939598,0.008948545861297539,8.94854586129754e-05,0.0008948545861297539,0.88
88,0.9901565995525727,0.008948545861297539,0.0,0.0008948545861297539,0.89
89,0.9901565995525727,0.00912751677852349,0.0,0.0007158836689038032,0.9
90,0.9901565995525727,0.009306487695749441,0.0,0.0005369127516778523,0.91
91,0.9901565995525727,0.009395973154362415,0.0,0.00044742729306487697,0.92
92,0.9901565995525727,0.009395973154362415,0.0,0.00044742729306487697,0.93
93,0.9901565995525727,0.009485458612975391,0.0,0.0003579418344519016,0.94
94,0.9901565995525727,0.009485458612975391,0.0,0.0003579418344519016,0.95
95,0.9901565995525727,0.009485458612975391,0.0,0.0003579418344519016,0.96
96,0.9901565995525727,0.009574944071588367,0.0,0.00026845637583892615,0.97
97,0.9901565995525727,0.009664429530201342,0.0,0.0001789709172259508,0.98
98,0.9901565995525727,0.009664429530201342,0.0,0.0001789709172259508,0.99
99,0.9901565995525727,0.009664429530201342,0.0,0.0001789709172259508,1.0
