,tn,fp,fn,tp,percentage
0,0.0001789709172259508,0.0,0.9899776286353468,0.009843400447427294,0.01
1,0.0007158836689038032,0.0,0.9894407158836689,0.009843400447427294,0.02
2,0.001610738255033557,0.0,0.9885458612975392,0.009843400447427294,0.03
3,0.002505592841163311,0.0,0.9876510067114094,0.009843400447427294,0.04
4,0.005100671140939597,0.0,0.9850559284116331,0.009843400447427294,0.05
5,0.007606263982102908,0.0,0.9825503355704698,0.009843400447427294,0.06
6,0.011096196868008949,0.0,0.9790604026845637,0.009843400447427294,0.07
7,0.017002237136465325,0.0,0.9731543624161074,0.009843400447427294,0.08
8,0.025324384787472037,0.0,0.9648322147651007,0.009843400447427294,0.09
9,0.035078299776286355,0.0,0.9550782997762863,0.009843400447427294,0.1
10,0.045369127516778525,0.0,0.9447874720357942,0.009843400447427294,0.11
11,0.06049217002237137,0.0,0.9296644295302013,0.009843400447427294,0.12
12,0.10076062639821029,0.0,0.8893959731543624,0.009843400447427294,0.13
13,0.13002237136465325,0.0,0.8601342281879195,0.009843400447427294,0.14
14,0.16008948545861298,0.0,0.8300671140939597,0.009843400447427294,0.15
15,0.19812080536912752,0.0,0.7920357941834452,0.009843400447427294,0.16
16,0.23498881431767338,0.0,0.7551677852348994,0.009843400447427294,0.17
17,0.2771364653243848,0.0,0.7130201342281879,0.009843400447427294,0.18
18,0.3185682326621924,0.0,0.6715883668903803,0.009843400447427294,0.19
19,0.3617002237136465,0.0,0.6284563758389262,0.009843400447427294,0.2
20,0.4091275167785235,0.0,0.5810290827740492,0.009843400447427294,0.21
21,0.45610738255033556,0.0,0.5340492170022372,0.009843400447427294,0.22
22,0.5023713646532438,8.94854586129754e-05,0.48778523489932885,0.009753914988814318,0.23
23,0.5478299776286354,8.94854586129754e-05,0.44232662192393735,0.009753914988814318,0.24
24,0.5478299776286354,8.94854586129754e-05,0.44232662192393735,0.009753914988814318,0.25
25,0.5942729306487696,0.0001789709172259508,0.3958836689038031,0.009664429530201342,0.26
26,0.6357941834451901,0.0001789709172259508,0.35436241610738256,0.009664429530201342,0.27
27,0.6733780760626398,0.0001789709172259508,0.3167785234899329,0.009664429530201342,0.28
28,0.7089038031319911,0.0001789709172259508,0.28125279642058165,0.009664429530201342,0.29
29,0.7426398210290828,0.00026845637583892615,0.24751677852348994,0.009574944071588367,0.3
30,0.7734228187919463,0.0003579418344519016,0.2167337807606264,0.009485458612975391,0.31
31,0.8303355704697987,0.00044742729306487697,0.15982102908277404,0.009395973154362415,0.32
32,0.8526174496644295,0.00044742729306487697,0.13753914988814317,0.009395973154362415,0.33
33,0.8699776286353468,0.0006263982102908277,0.12017897091722594,0.009217002237136465,0.34
34,0.8892170022371365,0.0007158836689038032,0.10093959731543624,0.00912751677852349,0.35
35,0.9049664429530201,0.0008053691275167785,0.08519015659955258,0.009038031319910515,0.36
36,0.9049664429530201,0.0008053691275167785,0.08519015659955258,0.009038031319910515,0.37
37,0.9189261744966443,0.0009843400447427293,0.07123042505592841,0.008859060402684563,0.38
38,0.9312751677852349,0.0009843400447427293,0.05888143176733781,0.008859060402684563,0.39
39,0.9414765100671141,0.0009843400447427293,0.048680089485458614,0.008859060402684563,0.4
40,0.9506935123042506,0.0012527964205816555,0.03946308724832215,0.008590604026845637,0.41
41,0.9579418344519016,0.0012527964205816555,0.032214765100671144,0.008590604026845637,0.42
42,0.9639373601789709,0.0013422818791946308,0.02621923937360179,0.008501118568232663,0.43
43,0.9734228187919463,0.0015212527964205817,0.0167337807606264,0.00832214765100671,0.44
44,0.9769127516778523,0.001610738255033557,0.013243847874720358,0.008232662192393736,0.45
45,0.9792393736017897,0.0017897091722595079,0.010917225950782998,0.008053691275167786,0.46
46,0.9817449664429531,0.0018791946308724832,0.008411633109619687,0.00796420581655481,0.47
47,0.9836241610738256,0.002058165548098434,0.006532438478747204,0.007785234899328859,0.48
48,0.9836241610738256,0.002058165548098434,0.006532438478747204,0.007785234899328859,0.49
49,0.9849664429530202,0.002058165548098434,0.005190156599552573,0.007785234899328859,0.5
50,0.9858612975391499,0.002147651006711409,0.004295302013422818,0.007695749440715884,0.51
51,0.9861297539149888,0.002505592841163311,0.004026845637583893,0.007337807606263982,0.52
52,0.9869351230425056,0.002774049217002237,0.003221476510067114,0.0070693512304250555,0.53
53,0.9872930648769574,0.003221476510067114,0.0028635346756152127,0.006621923937360179,0.54
54,0.9881879194630873,0.0034004474272930647,0.0019686800894854585,0.006442953020134228,0.55
55,0.9884563758389262,0.0034004474272930647,0.0017002237136465323,0.006442953020134228,0.56
56,0.9893512304250559,0.0035794183445190158,0.0008053691275167785,0.006263982102908278,0.57
57,0.9897091722595078,0.0035794183445190158,0.00044742729306487697,0.006263982102908278,0.58
58,0.9897091722595078,0.0035794183445190158,0.00044742729306487697,0.006263982102908278,0.59
59,0.9897986577181208,0.003668903803131991,0.0003579418344519016,0.006174496644295302,0.6
60,0.9898881431767338,0.0037583892617449664,0.00026845637583892615,0.006085011185682327,0.61
61,0.9899776286353468,0.004116331096196868,0.0001789709172259508,0.005727069351230425,0.62
62,0.9899776286353468,0.004295302013422818,0.0001789709172259508,0.005548098434004474,0.63
63,0.9900671140939598,0.004563758389261745,8.94854586129754e-05,0.005279642058165548,0.64
64,0.9900671140939598,0.004653243847874721,8.94854586129754e-05,0.005190156599552573,0.65
65,0.9900671140939598,0.005100671140939597,8.94854586129754e-05,0.004742729306487696,0.66
66,0.9900671140939598,0.005369127516778523,8.94854586129754e-05,0.0044742729306487695,0.67
67,0.9900671140939598,0.005548098434004474,8.94854586129754e-05,0.004295302013422818,0.68
68,0.9900671140939598,0.0058165548098434005,8.94854586129754e-05,0.004026845637583893,0.69
69,0.9900671140939598,0.005906040268456376,8.94854586129754e-05,0.003937360178970917,0.7
70,0.9900671140939598,0.005995525727069352,8.94854586129754e-05,0.003847874720357942,0.71
71,0.9900671140939598,0.005995525727069352,8.94854586129754e-05,0.003847874720357942,0.72
72,0.9900671140939598,0.006442953020134228,8.94854586129754e-05,0.0034004474272930647,0.73
73,0.9900671140939598,0.006532438478747204,8.94854586129754e-05,0.0033109619686800896,0.74
74,0.9900671140939598,0.006800894854586129,8.94854586129754e-05,0.0030425055928411633,0.75
75,0.9900671140939598,0.006890380313199105,8.94854586129754e-05,0.002953020134228188,0.76
76,0.9900671140939598,0.007606263982102908,8.94854586129754e-05,0.0022371364653243847,0.77
77,0.9900671140939598,0.007874720357941834,8.94854586129754e-05,0.0019686800894854585,0.78
78,0.9900671140939598,0.008053691275167786,8.94854586129754e-05,0.0017897091722595079,0.79
79,0.9900671140939598,0.008232662192393736,8.94854586129754e-05,0.001610738255033557,0.8
80,0.9900671140939598,0.008411633109619687,8.94854586129754e-05,0.0014317673378076063,0.81
81,0.9900671140939598,0.008590604026845637,8.94854586129754e-05,0.0012527964205816555,0.82
82,0.9901565995525727,0.008769574944071589,0.0,0.0010738255033557046,0.83
83,0.9901565995525727,0.008769574944071589,0.0,0.0010738255033557046,0.84
84,0.9901565995525727,0.008769574944071589,0.0,0.0010738255033557046,0.85
85,0.9901565995525727,0.008859060402684563,0.0,0.0009843400447427293,0.86
86,0.9901565995525727,0.008948545861297539,0.0,0.0008948545861297539,0.87
87,0.9901565995525727,0.00912751677852349,0.0,0.0007158836689038032,0.88
88,0.9901565995525727,0.009306487695749441,0.0,0.0005369127516778523,0.89
89,0.9901565995525727,0.009395973154362415,0.0,0.00044742729306487697,0.9
90,0.9901565995525727,0.009485458612975391,0.0,0.0003579418344519016,0.91
91,0.9901565995525727,0.009485458612975391,0.0,0.0003579418344519016,0.92
92,0.9901565995525727,0.009485458612975391,0.0,0.0003579418344519016,0.93
93,0.9901565995525727,0.009574944071588367,0.0,0.00026845637583892615,0.94
94,0.9901565995525727,0.009664429530201342,0.0,0.0001789709172259508,0.95
95,0.9901565995525727,0.009664429530201342,0.0,0.0001789709172259508,0.96
96,0.9901565995525727,0.009664429530201342,0.0,0.0001789709172259508,0.97
97,0.9901565995525727,0.009664429530201342,0.0,0.0001789709172259508,0.98
98,0.9901565995525727,0.009664429530201342,0.0,0.0001789709172259508,0.99
99,0.9901565995525727,0.009753914988814318,0.0,8.94854586129754e-05,1.0
