,tn,fp,fn,tp,percentage
0,0.0001789709172259508,0.0,0.9899776286353468,0.009843400447427294,0.01
1,0.0009843400447427293,0.0,0.9891722595078299,0.009843400447427294,0.02
2,0.0015212527964205817,0.0,0.9886353467561522,0.009843400447427294,0.03
3,0.0030425055928411633,0.0,0.9871140939597316,0.009843400447427294,0.04
4,0.006263982102908278,0.0,0.9838926174496644,0.009843400447427294,0.05
5,0.009217002237136465,0.0,0.9809395973154362,0.009843400447427294,0.06
6,0.01476510067114094,0.0,0.9753914988814317,0.009843400447427294,0.07
7,0.022460850111856823,0.0,0.9676957494407159,0.009843400447427294,0.08
8,0.03328859060402684,0.0,0.9568680089485458,0.009843400447427294,0.09
9,0.04519015659955257,0.0,0.9449664429530201,0.009843400447427294,0.1
10,0.06058165548098434,0.0,0.9295749440715884,0.009843400447427294,0.11
11,0.0796420581655481,0.0,0.9105145413870246,0.009843400447427294,0.12
12,0.10559284116331097,0.0,0.8845637583892617,0.009843400447427294,0.13
13,0.1378076062639821,0.0,0.8523489932885906,0.009843400447427294,0.14
14,0.17225950782997762,0.0,0.8178970917225951,0.009843400447427294,0.15
15,0.21288590604026847,0.0,0.7772706935123043,0.009843400447427294,0.16
16,0.21288590604026847,0.0,0.7772706935123043,0.009843400447427294,0.17
17,0.2556599552572707,0.0,0.734496644295302,0.009843400447427294,0.18
18,0.30058165548098437,0.0,0.6895749440715884,0.009843400447427294,0.19
19,0.3486353467561521,0.0,0.6415212527964206,0.009843400447427294,0.2
20,0.40053691275167785,0.0,0.5896196868008948,0.009843400447427294,0.21
21,0.4495749440715884,8.94854586129754e-05,0.5405816554809844,0.009753914988814318,0.22
22,0.4995973154362416,0.0001789709172259508,0.4905592841163311,0.009664429530201342,0.23
23,0.5518568232662192,0.0001789709172259508,0.43829977628635347,0.009664429530201342,0.24
24,0.5957941834451902,0.0001789709172259508,0.39436241610738254,0.009664429530201342,0.25
25,0.643847874720358,0.0001789709172259508,0.34630872483221475,0.009664429530201342,0.26
26,0.6837583892617449,0.0001789709172259508,0.30639821029082775,0.009664429530201342,0.27
27,0.7220581655480984,0.0001789709172259508,0.26809843400447425,0.009664429530201342,0.28
28,0.7581208053691275,0.0003579418344519016,0.2320357941834452,0.009485458612975391,0.29
29,0.7912304250559284,0.0003579418344519016,0.1989261744966443,0.009485458612975391,0.3
30,0.8187024608501119,0.0003579418344519016,0.17145413870246085,0.009485458612975391,0.31
31,0.8451006711409396,0.00044742729306487697,0.14505592841163312,0.009395973154362415,0.32
32,0.8673825503355704,0.0007158836689038032,0.12277404921700223,0.00912751677852349,0.33
33,0.8673825503355704,0.0007158836689038032,0.12277404921700223,0.00912751677852349,0.34
34,0.8861744966442953,0.0007158836689038032,0.1039821029082774,0.00912751677852349,0.35
35,0.9040715883668904,0.0007158836689038032,0.08608501118568232,0.00912751677852349,0.36
36,0.9203579418344519,0.0008948545861297539,0.0697986577181208,0.008948545861297539,0.37
37,0.9330648769574944,0.0009843400447427293,0.0570917225950783,0.008859060402684563,0.38
38,0.9429082774049217,0.0010738255033557046,0.047248322147651005,0.008769574944071589,0.39
39,0.9537360178970917,0.0011633109619686801,0.03642058165548098,0.008680089485458613,0.4
40,0.9592841163310962,0.0011633109619686801,0.03087248322147651,0.008680089485458613,0.41
41,0.9659060402684564,0.0013422818791946308,0.024250559284116333,0.008501118568232663,0.42
42,0.9717225950782997,0.001610738255033557,0.01843400447427293,0.008232662192393736,0.43
43,0.9754809843400447,0.001610738255033557,0.014675615212527963,0.008232662192393736,0.44
44,0.978523489932886,0.0017002237136465323,0.011633109619686801,0.00814317673378076,0.45
45,0.9799552572706935,0.0017002237136465323,0.010201342281879194,0.00814317673378076,0.46
46,0.9826398210290828,0.0018791946308724832,0.007516778523489933,0.00796420581655481,0.47
47,0.9842505592841163,0.002147651006711409,0.005906040268456376,0.007695749440715884,0.48
48,0.9853243847874721,0.002147651006711409,0.004832214765100671,0.007695749440715884,0.49
49,0.9853243847874721,0.002147651006711409,0.004832214765100671,0.007695749440715884,0.5
50,0.9860402684563758,0.0025950782997762865,0.004116331096196868,0.007248322147651007,0.51
51,0.9867561521252797,0.0026845637583892616,0.0034004474272930647,0.0071588366890380315,0.52
52,0.9872930648769574,0.003131991051454139,0.0028635346756152127,0.006711409395973154,0.53
53,0.9880089485458613,0.0033109619686800896,0.002147651006711409,0.006532438478747204,0.54
54,0.9884563758389262,0.0034004474272930647,0.0017002237136465323,0.006442953020134228,0.55
55,0.988903803131991,0.0035794183445190158,0.0012527964205816555,0.006263982102908278,0.56
56,0.9893512304250559,0.0035794183445190158,0.0008053691275167785,0.006263982102908278,0.57
57,0.9895302013422819,0.0035794183445190158,0.0006263982102908277,0.006263982102908278,0.58
58,0.9897091722595078,0.003847874720357942,0.00044742729306487697,0.005995525727069352,0.59
59,0.9898881431767338,0.004116331096196868,0.00026845637583892615,0.005727069351230425,0.6
60,0.9898881431767338,0.004295302013422818,0.00026845637583892615,0.005548098434004474,0.61
61,0.9898881431767338,0.004384787472035794,0.00026845637583892615,0.005458612975391499,0.62
62,0.9900671140939598,0.004653243847874721,8.94854586129754e-05,0.005190156599552573,0.63
63,0.9900671140939598,0.004742729306487696,8.94854586129754e-05,0.005100671140939597,0.64
64,0.9900671140939598,0.005011185682326622,8.94854586129754e-05,0.004832214765100671,0.65
65,0.9900671140939598,0.005637583892617449,8.94854586129754e-05,0.004205816554809843,0.66
66,0.9900671140939598,0.005637583892617449,8.94854586129754e-05,0.004205816554809843,0.67
67,0.9900671140939598,0.005637583892617449,8.94854586129754e-05,0.004205816554809843,0.68
68,0.9900671140939598,0.0058165548098434005,8.94854586129754e-05,0.004026845637583893,0.69
69,0.9900671140939598,0.005906040268456376,8.94854586129754e-05,0.003937360178970917,0.7
70,0.9900671140939598,0.005906040268456376,8.94854586129754e-05,0.003937360178970917,0.71
71,0.9900671140939598,0.006085011185682327,8.94854586129754e-05,0.0037583892617449664,0.72
72,0.9900671140939598,0.006442953020134228,8.94854586129754e-05,0.0034004474272930647,0.73
73,0.9900671140939598,0.006800894854586129,8.94854586129754e-05,0.0030425055928411633,0.74
74,0.9900671140939598,0.0071588366890380315,8.94854586129754e-05,0.0026845637583892616,0.75
75,0.9900671140939598,0.007427293064876958,8.94854586129754e-05,0.0024161073825503354,0.76
76,0.9900671140939598,0.00796420581655481,8.94854586129754e-05,0.0018791946308724832,0.77
77,0.9900671140939598,0.00814317673378076,8.94854586129754e-05,0.0017002237136465323,0.78
78,0.9900671140939598,0.008411633109619687,8.94854586129754e-05,0.0014317673378076063,0.79
79,0.9900671140939598,0.008411633109619687,8.94854586129754e-05,0.0014317673378076063,0.8
80,0.9901565995525727,0.008590604026845637,0.0,0.0012527964205816555,0.81
81,0.9901565995525727,0.008680089485458613,0.0,0.0011633109619686801,0.82
82,0.9901565995525727,0.008769574944071589,0.0,0.0010738255033557046,0.83
83,0.9901565995525727,0.008769574944071589,0.0,0.0010738255033557046,0.84
84,0.9901565995525727,0.008769574944071589,0.0,0.0010738255033557046,0.85
85,0.9901565995525727,0.008859060402684563,0.0,0.0009843400447427293,0.86
86,0.9901565995525727,0.009038031319910515,0.0,0.0008053691275167785,0.87
87,0.9901565995525727,0.00912751677852349,0.0,0.0007158836689038032,0.88
88,0.9901565995525727,0.009306487695749441,0.0,0.0005369127516778523,0.89
89,0.9901565995525727,0.009395973154362415,0.0,0.00044742729306487697,0.9
90,0.9901565995525727,0.009485458612975391,0.0,0.0003579418344519016,0.91
91,0.9901565995525727,0.009485458612975391,0.0,0.0003579418344519016,0.92
92,0.9901565995525727,0.009485458612975391,0.0,0.0003579418344519016,0.93
93,0.9901565995525727,0.009574944071588367,0.0,0.00026845637583892615,0.94
94,0.9901565995525727,0.009664429530201342,0.0,0.0001789709172259508,0.95
95,0.9901565995525727,0.009664429530201342,0.0,0.0001789709172259508,0.96
96,0.9901565995525727,0.009664429530201342,0.0,0.0001789709172259508,0.97
97,0.9901565995525727,0.009753914988814318,0.0,8.94854586129754e-05,0.98
98,0.9901565995525727,0.009753914988814318,0.0,8.94854586129754e-05,0.99
99,0.9901565995525727,0.009753914988814318,0.0,8.94854586129754e-05,1.0
