,tn,fp,fn,tp,percentage
0,8.94854586129754e-05,0.0,0.9900671140939598,0.009843400447427294,0.01
1,8.94854586129754e-05,0.0,0.9900671140939598,0.009843400447427294,0.02
2,0.0006263982102908277,0.0,0.9895302013422819,0.009843400447427294,0.03
3,0.0013422818791946308,0.0,0.9888143176733781,0.009843400447427294,0.04
4,0.0023266219239373603,0.0,0.9878299776286353,0.009843400447427294,0.05
5,0.005190156599552573,0.0,0.9849664429530202,0.009843400447427294,0.06
6,0.008590604026845637,0.0,0.9815659955257271,0.009843400447427294,0.07
7,0.01395973154362416,0.0,0.9761968680089486,0.009843400447427294,0.08
8,0.021655480984340045,0.0,0.9685011185682326,0.009843400447427294,0.09
9,0.03275167785234899,0.0,0.9574049217002237,0.009843400447427294,0.1
10,0.046085011185682326,0.0,0.9440715883668904,0.009843400447427294,0.11
11,0.046085011185682326,0.0,0.9440715883668904,0.009843400447427294,0.12
12,0.06451901565995526,0.0,0.9256375838926174,0.009843400447427294,0.13
13,0.08563758389261746,0.0,0.9045190156599553,0.009843400447427294,0.14
14,0.11463087248322147,0.0,0.8755257270693513,0.009843400447427294,0.15
15,0.15149888143176735,0.0,0.8386577181208054,0.009843400447427294,0.16
16,0.1909619686800895,0.0,0.7991946308724832,0.009843400447427294,0.17
17,0.23597315436241612,0.0,0.7541834451901566,0.009843400447427294,0.18
18,0.28268456375838924,0.0,0.7074720357941835,0.009843400447427294,0.19
19,0.3327964205816555,0.0,0.6573601789709173,0.009843400447427294,0.2
20,0.3882774049217002,0.0,0.6018791946308725,0.009843400447427294,0.21
21,0.44680089485458613,0.0,0.5433557046979866,0.009843400447427294,0.22
22,0.44680089485458613,0.0,0.5433557046979866,0.009843400447427294,0.23
23,0.49718120805369126,0.0,0.4929753914988814,0.009843400447427294,0.24
24,0.5509619686800895,8.94854586129754e-05,0.4391946308724832,0.009753914988814318,0.25
25,0.603400447427293,0.0001789709172259508,0.38675615212527964,0.009664429530201342,0.26
26,0.6522595078299777,0.0001789709172259508,0.3378970917225951,0.009664429530201342,0.27
27,0.6973601789709172,0.0001789709172259508,0.2927964205816555,0.009664429530201342,0.28
28,0.7370917225950783,0.0001789709172259508,0.2530648769574944,0.009664429530201342,0.29
29,0.7721700223713647,0.00026845637583892615,0.21798657718120806,0.009574944071588367,0.3
30,0.8042953020134228,0.0003579418344519016,0.1858612975391499,0.009485458612975391,0.31
31,0.8332885906040268,0.00044742729306487697,0.15686800894854586,0.009395973154362415,0.32
32,0.8596868008948546,0.0005369127516778523,0.13046979865771813,0.009306487695749441,0.33
33,0.8596868008948546,0.0005369127516778523,0.13046979865771813,0.009306487695749441,0.34
34,0.88,0.0006263982102908277,0.1101565995525727,0.009217002237136465,0.35
35,0.8999552572706935,0.0007158836689038032,0.09020134228187919,0.00912751677852349,0.36
36,0.9177628635346756,0.0008948545861297539,0.07239373601789709,0.008948545861297539,0.37
37,0.9333333333333333,0.0009843400447427293,0.056823266219239374,0.008859060402684563,0.38
38,0.9437136465324385,0.0011633109619686801,0.04644295302013423,0.008680089485458613,0.39
39,0.9517673378076063,0.0011633109619686801,0.038389261744966444,0.008680089485458613,0.4
40,0.9601789709172259,0.0011633109619686801,0.029977628635346757,0.008680089485458613,0.41
41,0.967248322147651,0.0013422818791946308,0.0229082774049217,0.008501118568232663,0.42
42,0.9719910514541387,0.001610738255033557,0.018165548098434004,0.008232662192393736,0.43
43,0.9757494407158837,0.001610738255033557,0.014407158836689037,0.008232662192393736,0.44
44,0.9757494407158837,0.001610738255033557,0.014407158836689037,0.008232662192393736,0.45
45,0.9789709172259508,0.0017897091722595079,0.011185682326621925,0.008053691275167786,0.46
46,0.9810290827740492,0.0019686800894854585,0.00912751677852349,0.007874720357941834,0.47
47,0.9828187919463087,0.0022371364653243847,0.007337807606263982,0.007606263982102908,0.48
48,0.9846979865771812,0.0023266219239373603,0.005458612975391499,0.007516778523489933,0.49
49,0.9855033557046979,0.0025950782997762865,0.004653243847874721,0.007248322147651007,0.5
50,0.9861297539149888,0.002774049217002237,0.004026845637583893,0.0070693512304250555,0.51
51,0.9872930648769574,0.002953020134228188,0.0028635346756152127,0.006890380313199105,0.52
52,0.9878299776286353,0.0033109619686800896,0.0023266219239373603,0.006532438478747204,0.53
53,0.9882774049217002,0.00348993288590604,0.0018791946308724832,0.006353467561521253,0.54
54,0.9888143176733781,0.0035794183445190158,0.0013422818791946308,0.006263982102908278,0.55
55,0.9888143176733781,0.0035794183445190158,0.0013422818791946308,0.006263982102908278,0.56
56,0.988903803131991,0.003668903803131991,0.0012527964205816555,0.006174496644295302,0.57
57,0.9893512304250559,0.003668903803131991,0.0008053691275167785,0.006174496644295302,0.58
58,0.9897091722595078,0.0037583892617449664,0.00044742729306487697,0.006085011185682327,0.59
59,0.9897091722595078,0.003937360178970917,0.00044742729306487697,0.005906040268456376,0.6
60,0.9898881431767338,0.004295302013422818,0.00026845637583892615,0.005548098434004474,0.61
61,0.9899776286353468,0.004384787472035794,0.0001789709172259508,0.005458612975391499,0.62
62,0.9900671140939598,0.004653243847874721,8.94854586129754e-05,0.005190156599552573,0.63
63,0.9900671140939598,0.004832214765100671,8.94854586129754e-05,0.005011185682326622,0.64
64,0.9900671140939598,0.004921700223713647,8.94854586129754e-05,0.004921700223713647,0.65
65,0.9900671140939598,0.0058165548098434005,8.94854586129754e-05,0.004026845637583893,0.66
66,0.9900671140939598,0.0058165548098434005,8.94854586129754e-05,0.004026845637583893,0.67
67,0.9900671140939598,0.0058165548098434005,8.94854586129754e-05,0.004026845637583893,0.68
68,0.9900671140939598,0.005906040268456376,8.94854586129754e-05,0.003937360178970917,0.69
69,0.9900671140939598,0.005906040268456376,8.94854586129754e-05,0.003937360178970917,0.7
70,0.9900671140939598,0.006085011185682327,8.94854586129754e-05,0.0037583892617449664,0.71
71,0.9900671140939598,0.006442953020134228,8.94854586129754e-05,0.0034004474272930647,0.72
72,0.9900671140939598,0.00697986577181208,8.94854586129754e-05,0.0028635346756152127,0.73
73,0.9900671140939598,0.0070693512304250555,8.94854586129754e-05,0.002774049217002237,0.74
74,0.9900671140939598,0.007427293064876958,8.94854586129754e-05,0.0024161073825503354,0.75
75,0.9900671140939598,0.007874720357941834,8.94854586129754e-05,0.0019686800894854585,0.76
76,0.9900671140939598,0.008053691275167786,8.94854586129754e-05,0.0017897091722595079,0.77
77,0.9900671140939598,0.008053691275167786,8.94854586129754e-05,0.0017897091722595079,0.78
78,0.9900671140939598,0.00832214765100671,8.94854586129754e-05,0.0015212527964205817,0.79
79,0.9900671140939598,0.008411633109619687,8.94854586129754e-05,0.0014317673378076063,0.8
80,0.9900671140939598,0.008411633109619687,8.94854586129754e-05,0.0014317673378076063,0.81
81,0.9900671140939598,0.008590604026845637,8.94854586129754e-05,0.0012527964205816555,0.82
82,0.9901565995525727,0.008680089485458613,0.0,0.0011633109619686801,0.83
83,0.9901565995525727,0.008859060402684563,0.0,0.0009843400447427293,0.84
84,0.9901565995525727,0.008948545861297539,0.0,0.0008948545861297539,0.85
85,0.9901565995525727,0.009038031319910515,0.0,0.0008053691275167785,0.86
86,0.9901565995525727,0.00912751677852349,0.0,0.0007158836689038032,0.87
87,0.9901565995525727,0.00912751677852349,0.0,0.0007158836689038032,0.88
88,0.9901565995525727,0.00912751677852349,0.0,0.0007158836689038032,0.89
89,0.9901565995525727,0.009306487695749441,0.0,0.0005369127516778523,0.9
90,0.9901565995525727,0.009485458612975391,0.0,0.0003579418344519016,0.91
91,0.9901565995525727,0.009485458612975391,0.0,0.0003579418344519016,0.92
92,0.9901565995525727,0.009485458612975391,0.0,0.0003579418344519016,0.93
93,0.9901565995525727,0.009664429530201342,0.0,0.0001789709172259508,0.94
94,0.9901565995525727,0.009664429530201342,0.0,0.0001789709172259508,0.95
95,0.9901565995525727,0.009664429530201342,0.0,0.0001789709172259508,0.96
96,0.9901565995525727,0.009664429530201342,0.0,0.0001789709172259508,0.97
97,0.9901565995525727,0.009753914988814318,0.0,8.94854586129754e-05,0.98
98,0.9901565995525727,0.009753914988814318,0.0,8.94854586129754e-05,0.99
99,0.9901565995525727,0.009753914988814318,0.0,8.94854586129754e-05,1.0
