,tn,fp,fn,tp,percentage
0,0.0003579418344519016,0.0,0.9897986577181208,0.009843400447427294,0.01
1,0.0003579418344519016,0.0,0.9897986577181208,0.009843400447427294,0.02
2,0.00044742729306487697,0.0,0.9897091722595078,0.009843400447427294,0.03
3,0.0008053691275167785,0.0,0.9893512304250559,0.009843400447427294,0.04
4,0.0011633109619686801,0.0,0.988993288590604,0.009843400447427294,0.05
5,0.0017002237136465323,0.0,0.9884563758389262,0.009843400447427294,0.06
6,0.002058165548098434,0.0,0.9880984340044743,0.009843400447427294,0.07
7,0.0037583892617449664,0.0,0.9863982102908277,0.009843400447427294,0.08
8,0.005369127516778523,0.0,0.9847874720357942,0.009843400447427294,0.09
9,0.007337807606263982,0.0,0.9828187919463087,0.009843400447427294,0.1
10,0.010201342281879194,0.0,0.9799552572706935,0.009843400447427294,0.11
11,0.018165548098434004,0.0,0.9719910514541387,0.009843400447427294,0.12
12,0.02308724832214765,0.0,0.967069351230425,0.009843400447427294,0.13
13,0.02854586129753915,0.0,0.9616107382550335,0.009843400447427294,0.14
14,0.041252796420581654,0.0,0.9489038031319911,0.009843400447427294,0.15
15,0.04912751677852349,0.0,0.9410290827740492,0.009843400447427294,0.16
16,0.059239373601789706,0.0,0.930917225950783,0.009843400447427294,0.17
17,0.07078299776286354,0.0,0.9193736017897092,0.009843400447427294,0.18
18,0.0963758389261745,0.0,0.8937807606263982,0.009843400447427294,0.19
19,0.11167785234899329,0.0,0.8784787472035794,0.009843400447427294,0.2
20,0.12519015659955257,0.0,0.8649664429530202,0.009843400447427294,0.21
21,0.1429082774049217,0.0,0.847248322147651,0.009843400447427294,0.22
22,0.18156599552572708,0.0,0.8085906040268457,0.009843400447427294,0.23
23,0.2033109619686801,0.0,0.7868456375838926,0.009843400447427294,0.24
24,0.22559284116331096,0.0,0.7645637583892617,0.009843400447427294,0.25
25,0.27472035794183447,0.0,0.7154362416107383,0.009843400447427294,0.26
26,0.30085011185682325,0.0,0.6893064876957494,0.009843400447427294,0.27
27,0.32805369127516776,0.0,0.6621029082774049,0.009843400447427294,0.28
28,0.3571364653243848,0.0,0.6330201342281879,0.009843400447427294,0.29
29,0.41512304250559284,0.0001789709172259508,0.5750335570469799,0.009664429530201342,0.3
30,0.44527964205816556,0.00026845637583892615,0.5448769574944071,0.009574944071588367,0.31
31,0.47498881431767337,0.00026845637583892615,0.5151677852348994,0.009574944071588367,0.32
32,0.5016554809843401,0.00026845637583892615,0.48850111856823264,0.009574944071588367,0.33
33,0.5619686800894854,0.0003579418344519016,0.42818791946308726,0.009485458612975391,0.34
34,0.5897091722595078,0.0003579418344519016,0.4004474272930649,0.009485458612975391,0.35
35,0.6172706935123042,0.0003579418344519016,0.37288590604026844,0.009485458612975391,0.36
36,0.6457270693512305,0.00044742729306487697,0.34442953020134226,0.009395973154362415,0.37
37,0.6919910514541388,0.0005369127516778523,0.298165548098434,0.009306487695749441,0.38
38,0.7132885906040268,0.0005369127516778523,0.27686800894854585,0.009306487695749441,0.39
39,0.7365548098434005,0.0005369127516778523,0.25360178970917224,0.009306487695749441,0.4
40,0.774496644295302,0.0005369127516778523,0.2156599552572707,0.009306487695749441,0.41
41,0.7934675615212528,0.0005369127516778523,0.1966890380313199,0.009306487695749441,0.42
42,0.8121700223713647,0.0007158836689038032,0.17798657718120806,0.00912751677852349,0.43
43,0.829261744966443,0.0007158836689038032,0.16089485458612976,0.00912751677852349,0.44
44,0.8587919463087248,0.0008948545861297539,0.13136465324384788,0.008948545861297539,0.45
45,0.8723042505592841,0.0009843400447427293,0.11785234899328859,0.008859060402684563,0.46
46,0.883937360178971,0.0009843400447427293,0.1062192393736018,0.008859060402684563,0.47
47,0.8963758389261745,0.0009843400447427293,0.09378076062639822,0.008859060402684563,0.48
48,0.916510067114094,0.0009843400447427293,0.07364653243847875,0.008859060402684563,0.49
49,0.9262639821029083,0.0009843400447427293,0.06389261744966443,0.008859060402684563,0.5
50,0.934496644295302,0.0009843400447427293,0.055659955257270695,0.008859060402684563,0.51
51,0.9479194630872483,0.0009843400447427293,0.042237136465324385,0.008859060402684563,0.52
52,0.9535570469798658,0.0009843400447427293,0.03659955257270694,0.008859060402684563,0.53
53,0.9588366890380313,0.0010738255033557046,0.03131991051454139,0.008769574944071589,0.54
54,0.9625950782997763,0.0012527964205816555,0.02756152125279642,0.008590604026845637,0.55
55,0.9691275167785235,0.001610738255033557,0.021029082774049218,0.008232662192393736,0.56
56,0.9717225950782997,0.0018791946308724832,0.01843400447427293,0.00796420581655481,0.57
57,0.9741387024608501,0.0018791946308724832,0.016017897091722594,0.00796420581655481,0.58
58,0.9766442953020135,0.0018791946308724832,0.013512304250559284,0.00796420581655481,0.59
59,0.9803131991051454,0.0019686800894854585,0.009843400447427294,0.007874720357941834,0.6
60,0.9816554809843401,0.002058165548098434,0.008501118568232663,0.007785234899328859,0.61
61,0.9830872483221477,0.002147651006711409,0.0070693512304250555,0.007695749440715884,0.62
62,0.9858612975391499,0.0023266219239373603,0.004295302013422818,0.007516778523489933,0.63
63,0.9865771812080537,0.0023266219239373603,0.0035794183445190158,0.007516778523489933,0.64
64,0.9872035794183445,0.0024161073825503354,0.002953020134228188,0.007427293064876958,0.65
65,0.9875615212527964,0.0026845637583892616,0.0025950782997762865,0.0071588366890380315,0.66
66,0.9881879194630873,0.0028635346756152127,0.0019686800894854585,0.00697986577181208,0.67
67,0.9886353467561522,0.003131991051454139,0.0015212527964205817,0.006711409395973154,0.68
68,0.9888143176733781,0.003131991051454139,0.0013422818791946308,0.006711409395973154,0.69
69,0.9891722595078299,0.003221476510067114,0.0009843400447427293,0.006621923937360179,0.7
70,0.9896196868008948,0.0035794183445190158,0.0005369127516778523,0.006263982102908278,0.71
71,0.9897091722595078,0.003847874720357942,0.00044742729306487697,0.005995525727069352,0.72
72,0.9897091722595078,0.004026845637583893,0.00044742729306487697,0.0058165548098434005,0.73
73,0.9898881431767338,0.004295302013422818,0.00026845637583892615,0.005548098434004474,0.74
74,0.9899776286353468,0.004563758389261745,0.0001789709172259508,0.005279642058165548,0.75
75,0.9899776286353468,0.004653243847874721,0.0001789709172259508,0.005190156599552573,0.76
76,0.9899776286353468,0.004742729306487696,0.0001789709172259508,0.005100671140939597,0.77
77,0.9899776286353468,0.005011185682326622,0.0001789709172259508,0.004832214765100671,0.78
78,0.9899776286353468,0.005011185682326622,0.0001789709172259508,0.004832214765100671,0.79
79,0.9900671140939598,0.005190156599552573,8.94854586129754e-05,0.004653243847874721,0.8
80,0.9900671140939598,0.005369127516778523,8.94854586129754e-05,0.0044742729306487695,0.81
81,0.9900671140939598,0.005906040268456376,8.94854586129754e-05,0.003937360178970917,0.82
82,0.9900671140939598,0.005906040268456376,8.94854586129754e-05,0.003937360178970917,0.83
83,0.9900671140939598,0.006085011185682327,8.94854586129754e-05,0.0037583892617449664,0.84
84,0.9900671140939598,0.006174496644295302,8.94854586129754e-05,0.003668903803131991,0.85
85,0.9900671140939598,0.006890380313199105,8.94854586129754e-05,0.002953020134228188,0.86
86,0.9900671140939598,0.0070693512304250555,8.94854586129754e-05,0.002774049217002237,0.87
87,0.9900671140939598,0.007248322147651007,8.94854586129754e-05,0.0025950782997762865,0.88
88,0.9900671140939598,0.007874720357941834,8.94854586129754e-05,0.0019686800894854585,0.89
89,0.9900671140939598,0.008053691275167786,8.94854586129754e-05,0.0017897091722595079,0.9
90,0.9900671140939598,0.008411633109619687,8.94854586129754e-05,0.0014317673378076063,0.91
91,0.9900671140939598,0.008501118568232663,8.94854586129754e-05,0.0013422818791946308,0.92
92,0.9900671140939598,0.009038031319910515,8.94854586129754e-05,0.0008053691275167785,0.93
93,0.9901565995525727,0.009306487695749441,0.0,0.0005369127516778523,0.94
94,0.9901565995525727,0.009306487695749441,0.0,0.0005369127516778523,0.95
95,0.9901565995525727,0.009306487695749441,0.0,0.0005369127516778523,0.96
96,0.9901565995525727,0.009395973154362415,0.0,0.00044742729306487697,0.97
97,0.9901565995525727,0.009574944071588367,0.0,0.00026845637583892615,0.98
98,0.9901565995525727,0.009664429530201342,0.0,0.0001789709172259508,0.99
99,0.9901565995525727,0.009843400447427294,0.0,0.0,1.0
