,tn,fp,fn,tp,percentage
0,8.94854586129754e-05,0.0,0.9900671140939598,0.009843400447427294,0.01
1,0.0001789709172259508,0.0,0.9899776286353468,0.009843400447427294,0.02
2,0.0001789709172259508,0.0,0.9899776286353468,0.009843400447427294,0.03
3,0.0005369127516778523,0.0,0.9896196868008948,0.009843400447427294,0.04
4,0.0008053691275167785,0.0,0.9893512304250559,0.009843400447427294,0.05
5,0.0011633109619686801,0.0,0.988993288590604,0.009843400447427294,0.06
6,0.0017897091722595079,0.0,0.9883668903803132,0.009843400447427294,0.07
7,0.0030425055928411633,0.0,0.9871140939597316,0.009843400447427294,0.08
8,0.00348993288590604,0.0,0.9866666666666667,0.009843400447427294,0.09
9,0.005458612975391499,0.0,0.9846979865771812,0.009843400447427294,0.1
10,0.006532438478747204,0.0,0.9836241610738256,0.009843400447427294,0.11
11,0.009485458612975391,0.0,0.9806711409395973,0.009843400447427294,0.12
12,0.012706935123042506,0.0,0.9774496644295302,0.009843400447427294,0.13
13,0.014675615212527963,0.0,0.9754809843400447,0.009843400447427294,0.14
14,0.020044742729306488,0.0,0.9701118568232662,0.009843400447427294,0.15
15,0.02791946308724832,0.0,0.9622371364653244,0.009843400447427294,0.16
16,0.031946308724832215,0.0,0.9582102908277405,0.009843400447427294,0.17
17,0.03973154362416107,0.0,0.9504250559284116,0.009843400447427294,0.18
18,0.04492170022371365,0.0,0.9452348993288591,0.009843400447427294,0.19
19,0.05601789709172259,0.0,0.9341387024608501,0.009843400447427294,0.2
20,0.06782997762863535,0.0,0.9223266219239373,0.009843400447427294,0.21
21,0.07409395973154362,0.0,0.9160626398210291,0.009843400447427294,0.22
22,0.08930648769574943,0.0,0.9008501118568233,0.009843400447427294,0.23
23,0.10639821029082774,0.0,0.883758389261745,0.009843400447427294,0.24
24,0.11498881431767338,0.0,0.8751677852348994,0.009843400447427294,0.25
25,0.13485458612975393,0.0,0.8553020134228188,0.009843400447427294,0.26
26,0.15740492170022372,0.0,0.832751677852349,0.009843400447427294,0.27
27,0.16680089485458613,0.0,0.8233557046979866,0.009843400447427294,0.28
28,0.19212527964205817,0.0,0.7980313199105146,0.009843400447427294,0.29
29,0.20232662192393736,8.94854586129754e-05,0.7878299776286354,0.009753914988814318,0.3
30,0.22774049217002237,8.94854586129754e-05,0.7624161073825504,0.009753914988814318,0.31
31,0.2548545861297539,8.94854586129754e-05,0.7353020134228188,0.009753914988814318,0.32
32,0.2697986577181208,0.0001789709172259508,0.7203579418344519,0.009664429530201342,0.33
33,0.29691275167785236,0.0001789709172259508,0.6932438478747204,0.009664429530201342,0.34
34,0.3265324384787472,0.0001789709172259508,0.6636241610738255,0.009664429530201342,0.35
35,0.3440715883668904,0.0001789709172259508,0.6460850111856823,0.009664429530201342,0.36
36,0.37324384787472037,0.00026845637583892615,0.6169127516778523,0.009574944071588367,0.37
37,0.38988814317673376,0.00026845637583892615,0.6002684563758389,0.009574944071588367,0.38
38,0.42058165548098436,0.00026845637583892615,0.5695749440715884,0.009574944071588367,0.39
39,0.4516331096196868,0.00026845637583892615,0.5385234899328859,0.009574944071588367,0.4
40,0.4651454138702461,0.0003579418344519016,0.5250111856823266,0.009485458612975391,0.41
41,0.49691275167785237,0.00044742729306487697,0.49324384787472036,0.009395973154362415,0.42
42,0.5300223713646532,0.0005369127516778523,0.46013422818791944,0.009306487695749441,0.43
43,0.5445190156599553,0.0005369127516778523,0.44563758389261743,0.009306487695749441,0.44
44,0.5760178970917226,0.0005369127516778523,0.4141387024608501,0.009306487695749441,0.45
45,0.5911409395973154,0.0005369127516778523,0.3990156599552573,0.009306487695749441,0.46
46,0.6210290827740492,0.0006263982102908277,0.3691275167785235,0.009217002237136465,0.47
47,0.6497539149888143,0.0006263982102908277,0.3404026845637584,0.009217002237136465,0.48
48,0.665324384787472,0.0006263982102908277,0.32483221476510066,0.009217002237136465,0.49
49,0.6918120805369128,0.0006263982102908277,0.29834451901565995,0.009217002237136465,0.5
50,0.719821029082774,0.0007158836689038032,0.27033557046979867,0.00912751677852349,0.51
51,0.7323489932885906,0.0007158836689038032,0.2578076062639821,0.00912751677852349,0.52
52,0.7566890380313199,0.0007158836689038032,0.2334675615212528,0.00912751677852349,0.53
53,0.7800447427293065,0.0007158836689038032,0.21011185682326622,0.00912751677852349,0.54
54,0.7911409395973155,0.0007158836689038032,0.19901565995525727,0.00912751677852349,0.55
55,0.8102013422818792,0.0007158836689038032,0.1799552572706935,0.00912751677852349,0.56
56,0.8206711409395974,0.0008948545861297539,0.1694854586129754,0.008948545861297539,0.57
57,0.8424161073825503,0.0009843400447427293,0.14774049217002236,0.008859060402684563,0.58
58,0.8604026845637583,0.0009843400447427293,0.1297539149888143,0.008859060402684563,0.59
59,0.8700671140939598,0.0010738255033557046,0.12008948545861298,0.008769574944071589,0.6
60,0.8859060402684564,0.0010738255033557046,0.10425055928411633,0.008769574944071589,0.61
61,0.8997762863534675,0.0010738255033557046,0.09038031319910514,0.008769574944071589,0.62
62,0.9067561521252796,0.0011633109619686801,0.08340044742729306,0.008680089485458613,0.63
63,0.9191051454138702,0.0014317673378076063,0.07105145413870247,0.008411633109619687,0.64
64,0.9248322147651007,0.001610738255033557,0.06532438478747203,0.008232662192393736,0.65
65,0.9364653243847875,0.002058165548098434,0.053691275167785234,0.007785234899328859,0.66
66,0.945771812080537,0.002147651006711409,0.044384787472035794,0.007695749440715884,0.67
67,0.949261744966443,0.0022371364653243847,0.04089485458612976,0.007606263982102908,0.68
68,0.9562416107382551,0.0025950782997762865,0.033914988814317676,0.007248322147651007,0.69
69,0.9623266219239374,0.002774049217002237,0.027829977628635347,0.0070693512304250555,0.7
70,0.9655480984340045,0.003131991051454139,0.024608501118568233,0.006711409395973154,0.71
71,0.970917225950783,0.003131991051454139,0.01923937360178971,0.006711409395973154,0.72
72,0.9739597315436241,0.003131991051454139,0.016196868008948546,0.006711409395973154,0.73
73,0.9775391498881432,0.003221476510067114,0.01261744966442953,0.006621923937360179,0.74
74,0.9813870246085011,0.0034004474272930647,0.008769574944071589,0.006442953020134228,0.75
75,0.9828187919463087,0.0034004474272930647,0.007337807606263982,0.006442953020134228,0.76
76,0.9846979865771812,0.0037583892617449664,0.005458612975391499,0.006085011185682327,0.77
77,0.9863087248322148,0.003937360178970917,0.003847874720357942,0.005906040268456376,0.78
78,0.9872035794183445,0.004205816554809843,0.002953020134228188,0.005637583892617449,0.79
79,0.9884563758389262,0.004295302013422818,0.0017002237136465323,0.005548098434004474,0.8
80,0.989082774049217,0.0044742729306487695,0.0010738255033557046,0.005369127516778523,0.81
81,0.9894407158836689,0.004742729306487696,0.0007158836689038032,0.005100671140939597,0.82
82,0.9896196868008948,0.004832214765100671,0.0005369127516778523,0.005011185682326622,0.83
83,0.9897986577181208,0.005100671140939597,0.0003579418344519016,0.004742729306487696,0.84
84,0.9899776286353468,0.005190156599552573,0.0001789709172259508,0.004653243847874721,0.85
85,0.9899776286353468,0.005637583892617449,0.0001789709172259508,0.004205816554809843,0.86
86,0.9899776286353468,0.005906040268456376,0.0001789709172259508,0.003937360178970917,0.87
87,0.9899776286353468,0.006263982102908278,0.0001789709172259508,0.0035794183445190158,0.88
88,0.9900671140939598,0.006800894854586129,8.94854586129754e-05,0.0030425055928411633,0.89
89,0.9900671140939598,0.0070693512304250555,8.94854586129754e-05,0.002774049217002237,0.9
90,0.9901565995525727,0.007427293064876958,0.0,0.0024161073825503354,0.91
91,0.9901565995525727,0.007695749440715884,0.0,0.002147651006711409,0.92
92,0.9901565995525727,0.008053691275167786,0.0,0.0017897091722595079,0.93
93,0.9901565995525727,0.008590604026845637,0.0,0.0012527964205816555,0.94
94,0.9901565995525727,0.008769574944071589,0.0,0.0010738255033557046,0.95
95,0.9901565995525727,0.00912751677852349,0.0,0.0007158836689038032,0.96
96,0.9901565995525727,0.009485458612975391,0.0,0.0003579418344519016,0.97
97,0.9901565995525727,0.009485458612975391,0.0,0.0003579418344519016,0.98
98,0.9901565995525727,0.009664429530201342,0.0,0.0001789709172259508,0.99
99,0.9901565995525727,0.009753914988814318,0.0,8.94854586129754e-05,1.0
