,tn,fp,fn,tp,percentage
0,0.0001789709172259508,0.0,0.9899776286353468,0.009843400447427294,0.01
1,0.0005369127516778523,0.0,0.9896196868008948,0.009843400447427294,0.02
2,0.0014317673378076063,0.0,0.9887248322147651,0.009843400447427294,0.03
3,0.0023266219239373603,0.0,0.9878299776286353,0.009843400447427294,0.04
4,0.005369127516778523,0.0,0.9847874720357942,0.009843400447427294,0.05
5,0.00814317673378076,0.0,0.9820134228187919,0.009843400447427294,0.06
6,0.01494407158836689,0.0,0.9752125279642058,0.009843400447427294,0.07
7,0.01494407158836689,0.0,0.9752125279642058,0.009843400447427294,0.08
8,0.023445190156599554,0.0,0.9667114093959731,0.009843400447427294,0.09
9,0.03561521252796421,0.0,0.9545413870246086,0.009843400447427294,0.1
10,0.051096196868008946,0.0,0.9390604026845638,0.009843400447427294,0.11
11,0.07140939597315436,0.0,0.9187472035794183,0.009843400447427294,0.12
12,0.09727069351230425,0.0,0.8928859060402684,0.009843400447427294,0.13
13,0.13261744966442954,0.0,0.8575391498881432,0.009843400447427294,0.14
14,0.17342281879194632,0.0,0.8167337807606264,0.009843400447427294,0.15
15,0.17342281879194632,0.0,0.8167337807606264,0.009843400447427294,0.16
16,0.21789709172259508,0.0,0.7722595078299777,0.009843400447427294,0.17
17,0.26863534675615214,0.0,0.7215212527964205,0.009843400447427294,0.18
18,0.3225950782997763,0.0,0.6675615212527964,0.009843400447427294,0.19
19,0.3789709172259508,0.0,0.611185682326622,0.009843400447427294,0.2
20,0.44232662192393735,0.0,0.5478299776286354,0.009843400447427294,0.21
21,0.49718120805369126,8.94854586129754e-05,0.4929753914988814,0.009753914988814318,0.22
22,0.5554362416107382,0.0001789709172259508,0.43472035794183445,0.009664429530201342,0.23
23,0.5554362416107382,0.0001789709172259508,0.43472035794183445,0.009664429530201342,0.24
24,0.6084116331096197,0.0001789709172259508,0.381744966442953,0.009664429530201342,0.25
25,0.6600447427293065,0.0001789709172259508,0.3301118568232662,0.009664429530201342,0.26
26,0.7044295302013422,0.0001789709172259508,0.28572706935123043,0.009664429530201342,0.27
27,0.7475615212527964,0.0001789709172259508,0.24259507829977628,0.009664429530201342,0.28
28,0.7861297539149888,0.00026845637583892615,0.2040268456375839,0.009574944071588367,0.29
29,0.8165548098434005,0.0003579418344519016,0.17360178970917226,0.009485458612975391,0.3
30,0.8165548098434005,0.0003579418344519016,0.17360178970917226,0.009485458612975391,0.31
31,0.8459955257270694,0.0003579418344519016,0.14416107382550336,0.009485458612975391,0.32
32,0.8714093959731544,0.0005369127516778523,0.11874720357941834,0.009306487695749441,0.33
33,0.8921700223713647,0.0006263982102908277,0.09798657718120805,0.009217002237136465,0.34
34,0.9131096196868009,0.0008948545861297539,0.07704697986577182,0.008948545861297539,0.35
35,0.9285906040268457,0.0011633109619686801,0.06156599552572707,0.008680089485458613,0.36
36,0.941834451901566,0.0011633109619686801,0.04832214765100671,0.008680089485458613,0.37
37,0.9514093959731543,0.0011633109619686801,0.03874720357941835,0.008680089485458613,0.38
38,0.9514093959731543,0.0011633109619686801,0.03874720357941835,0.008680089485458613,0.39
39,0.9593736017897092,0.0011633109619686801,0.030782997762863536,0.008680089485458613,0.4
40,0.9653691275167785,0.0014317673378076063,0.024787472035794185,0.008411633109619687,0.41
41,0.9714541387024609,0.0014317673378076063,0.018702460850111857,0.008411633109619687,0.42
42,0.9754809843400447,0.001610738255033557,0.014675615212527963,0.008232662192393736,0.43
43,0.9787024608501118,0.0017897091722595079,0.01145413870246085,0.008053691275167786,0.44
44,0.9806711409395973,0.0019686800894854585,0.009485458612975391,0.007874720357941834,0.45
45,0.9826398210290828,0.002147651006711409,0.007516778523489933,0.007695749440715884,0.46
46,0.9826398210290828,0.002147651006711409,0.007516778523489933,0.007695749440715884,0.47
47,0.9840715883668903,0.0023266219239373603,0.006085011185682327,0.007516778523489933,0.48
48,0.9855033557046979,0.002505592841163311,0.004653243847874721,0.007337807606263982,0.49
49,0.9864876957494407,0.0026845637583892616,0.003668903803131991,0.0071588366890380315,0.5
50,0.9872930648769574,0.0030425055928411633,0.0028635346756152127,0.006800894854586129,0.51
51,0.9880089485458613,0.00348993288590604,0.002147651006711409,0.006353467561521253,0.52
52,0.9883668903803132,0.00348993288590604,0.0017897091722595079,0.006353467561521253,0.53
53,0.9883668903803132,0.00348993288590604,0.0017897091722595079,0.006353467561521253,0.54
54,0.9886353467561522,0.0035794183445190158,0.0015212527964205817,0.006263982102908278,0.55
55,0.988993288590604,0.003668903803131991,0.0011633109619686801,0.006174496644295302,0.56
56,0.9891722595078299,0.003668903803131991,0.0009843400447427293,0.006174496644295302,0.57
57,0.9895302013422819,0.003847874720357942,0.0006263982102908277,0.005995525727069352,0.58
58,0.9897091722595078,0.004026845637583893,0.00044742729306487697,0.0058165548098434005,0.59
59,0.9899776286353468,0.004384787472035794,0.0001789709172259508,0.005458612975391499,0.6
60,0.9900671140939598,0.004384787472035794,8.94854586129754e-05,0.005458612975391499,0.61
61,0.9900671140939598,0.004384787472035794,8.94854586129754e-05,0.005458612975391499,0.62
62,0.9900671140939598,0.004921700223713647,8.94854586129754e-05,0.004921700223713647,0.63
63,0.9900671140939598,0.005100671140939597,8.94854586129754e-05,0.004742729306487696,0.64
64,0.9900671140939598,0.005369127516778523,8.94854586129754e-05,0.0044742729306487695,0.65
65,0.9900671140939598,0.0058165548098434005,8.94854586129754e-05,0.004026845637583893,0.66
66,0.9900671140939598,0.005906040268456376,8.94854586129754e-05,0.003937360178970917,0.67
67,0.9900671140939598,0.005906040268456376,8.94854586129754e-05,0.003937360178970917,0.68
68,0.9900671140939598,0.006174496644295302,8.94854586129754e-05,0.003668903803131991,0.69
69,0.9900671140939598,0.006174496644295302,8.94854586129754e-05,0.003668903803131991,0.7
70,0.9900671140939598,0.006263982102908278,8.94854586129754e-05,0.0035794183445190158,0.71
71,0.9900671140939598,0.00697986577181208,8.94854586129754e-05,0.0028635346756152127,0.72
72,0.9900671140939598,0.0071588366890380315,8.94854586129754e-05,0.0026845637583892616,0.73
73,0.9900671140939598,0.007427293064876958,8.94854586129754e-05,0.0024161073825503354,0.74
74,0.9900671140939598,0.007695749440715884,8.94854586129754e-05,0.002147651006711409,0.75
75,0.9900671140939598,0.008053691275167786,8.94854586129754e-05,0.0017897091722595079,0.76
76,0.9900671140939598,0.008053691275167786,8.94854586129754e-05,0.0017897091722595079,0.77
77,0.9900671140939598,0.00832214765100671,8.94854586129754e-05,0.0015212527964205817,0.78
78,0.9900671140939598,0.008411633109619687,8.94854586129754e-05,0.0014317673378076063,0.79
79,0.9900671140939598,0.008501118568232663,8.94854586129754e-05,0.0013422818791946308,0.8
80,0.9900671140939598,0.008590604026845637,8.94854586129754e-05,0.0012527964205816555,0.81
81,0.9901565995525727,0.008590604026845637,0.0,0.0012527964205816555,0.82
82,0.9901565995525727,0.008859060402684563,0.0,0.0009843400447427293,0.83
83,0.9901565995525727,0.008948545861297539,0.0,0.0008948545861297539,0.84
84,0.9901565995525727,0.008948545861297539,0.0,0.0008948545861297539,0.85
85,0.9901565995525727,0.00912751677852349,0.0,0.0007158836689038032,0.86
86,0.9901565995525727,0.009217002237136465,0.0,0.0006263982102908277,0.87
87,0.9901565995525727,0.009217002237136465,0.0,0.0006263982102908277,0.88
88,0.9901565995525727,0.009217002237136465,0.0,0.0006263982102908277,0.89
89,0.9901565995525727,0.009395973154362415,0.0,0.00044742729306487697,0.9
90,0.9901565995525727,0.009485458612975391,0.0,0.0003579418344519016,0.91
91,0.9901565995525727,0.009664429530201342,0.0,0.0001789709172259508,0.92
92,0.9901565995525727,0.009664429530201342,0.0,0.0001789709172259508,0.93
93,0.9901565995525727,0.009664429530201342,0.0,0.0001789709172259508,0.94
94,0.9901565995525727,0.009664429530201342,0.0,0.0001789709172259508,0.95
95,0.9901565995525727,0.009664429530201342,0.0,0.0001789709172259508,0.96
96,0.9901565995525727,0.009664429530201342,0.0,0.0001789709172259508,0.97
97,0.9901565995525727,0.009753914988814318,0.0,8.94854586129754e-05,0.98
98,0.9901565995525727,0.009753914988814318,0.0,8.94854586129754e-05,0.99
99,0.9901565995525727,0.009753914988814318,0.0,8.94854586129754e-05,1.0
