,tn,fp,fn,tp,percentage
0,0.0001789709172259508,0.0,0.9899776286353468,0.009843400447427294,0.01
1,0.0005369127516778523,0.0,0.9896196868008948,0.009843400447427294,0.02
2,0.0012527964205816555,0.0,0.988903803131991,0.009843400447427294,0.03
3,0.0026845637583892616,0.0,0.9874720357941834,0.009843400447427294,0.04
4,0.005458612975391499,0.0,0.9846979865771812,0.009843400447427294,0.05
5,0.009217002237136465,0.0,0.9809395973154362,0.009843400447427294,0.06
6,0.009217002237136465,0.0,0.9809395973154362,0.009843400447427294,0.07
7,0.016465324384787473,0.0,0.9736912751677852,0.009843400447427294,0.08
8,0.027114093959731543,0.0,0.9630425055928412,0.009843400447427294,0.09
9,0.040089485458612975,0.0,0.9500671140939597,0.009843400447427294,0.1
10,0.05941834451901566,0.0,0.930738255033557,0.009843400447427294,0.11
11,0.08277404921700224,0.0,0.9073825503355705,0.009843400447427294,0.12
12,0.08277404921700224,0.0,0.9073825503355705,0.009843400447427294,0.13
13,0.11588366890380314,0.0,0.8742729306487695,0.009843400447427294,0.14
14,0.15829977628635347,0.0,0.8318568232662192,0.009843400447427294,0.15
15,0.203668903803132,0.0,0.7864876957494407,0.009843400447427294,0.16
16,0.2550335570469799,0.0,0.7351230425055928,0.009843400447427294,0.17
17,0.30845637583892616,0.0,0.6817002237136466,0.009843400447427294,0.18
18,0.30845637583892616,0.0,0.6817002237136466,0.009843400447427294,0.19
19,0.37100671140939595,0.0,0.6191498881431767,0.009843400447427294,0.2
20,0.4374944071588367,0.0,0.552662192393736,0.009843400447427294,0.21
21,0.4973601789709172,0.0,0.49279642058165546,0.009843400447427294,0.22
22,0.5557046979865772,0.0001789709172259508,0.4344519015659955,0.009664429530201342,0.23
23,0.6139597315436242,0.0001789709172259508,0.3761968680089485,0.009664429530201342,0.24
24,0.6668456375838926,0.0001789709172259508,0.3233109619686801,0.009664429530201342,0.25
25,0.6668456375838926,0.0001789709172259508,0.3233109619686801,0.009664429530201342,0.26
26,0.7125727069351231,0.0001789709172259508,0.27758389261744965,0.009664429530201342,0.27
27,0.7577628635346756,0.0001789709172259508,0.2323937360178971,0.009664429530201342,0.28
28,0.7950782997762863,0.0001789709172259508,0.19507829977628635,0.009664429530201342,0.29
29,0.8263087248322147,0.00026845637583892615,0.16384787472035794,0.009574944071588367,0.3
30,0.8565548098434005,0.0003579418344519016,0.13360178970917225,0.009485458612975391,0.31
31,0.8565548098434005,0.0003579418344519016,0.13360178970917225,0.009485458612975391,0.32
32,0.8822371364653244,0.0006263982102908277,0.10791946308724833,0.009217002237136465,0.33
33,0.9029977628635347,0.0008053691275167785,0.08715883668903802,0.009038031319910515,0.34
34,0.9212527964205817,0.0009843400447427293,0.06890380313199106,0.008859060402684563,0.35
35,0.9370917225950783,0.0011633109619686801,0.05306487695749441,0.008680089485458613,0.36
36,0.9481879194630872,0.0011633109619686801,0.04196868008948546,0.008680089485458613,0.37
37,0.9481879194630872,0.0011633109619686801,0.04196868008948546,0.008680089485458613,0.38
38,0.9569574944071588,0.0011633109619686801,0.03319910514541387,0.008680089485458613,0.39
39,0.963668903803132,0.0013422818791946308,0.026487695749440716,0.008501118568232663,0.4
40,0.9702013422818792,0.0014317673378076063,0.019955257270693513,0.008411633109619687,0.41
41,0.974765100671141,0.0014317673378076063,0.015391498881431768,0.008411633109619687,0.42
42,0.9778076062639821,0.0018791946308724832,0.012348993288590604,0.00796420581655481,0.43
43,0.9778076062639821,0.0018791946308724832,0.012348993288590604,0.00796420581655481,0.44
44,0.9809395973154362,0.002058165548098434,0.009217002237136465,0.007785234899328859,0.45
45,0.9823713646532438,0.002058165548098434,0.007785234899328859,0.007785234899328859,0.46
46,0.9839821029082774,0.0022371364653243847,0.006174496644295302,0.007606263982102908,0.47
47,0.9856823266219239,0.0025950782997762865,0.0044742729306487695,0.007248322147651007,0.48
48,0.9863982102908277,0.0028635346756152127,0.0037583892617449664,0.00697986577181208,0.49
49,0.9875615212527964,0.003221476510067114,0.0025950782997762865,0.006621923937360179,0.5
50,0.9875615212527964,0.003221476510067114,0.0025950782997762865,0.006621923937360179,0.51
51,0.9880984340044743,0.0033109619686800896,0.002058165548098434,0.006532438478747204,0.52
52,0.9885458612975392,0.00348993288590604,0.001610738255033557,0.006353467561521253,0.53
53,0.9888143176733781,0.0035794183445190158,0.0013422818791946308,0.006263982102908278,0.54
54,0.989082774049217,0.0037583892617449664,0.0010738255033557046,0.006085011185682327,0.55
55,0.9892617449664429,0.003847874720357942,0.0008948545861297539,0.005995525727069352,0.56
56,0.9892617449664429,0.003847874720357942,0.0008948545861297539,0.005995525727069352,0.57
57,0.9896196868008948,0.003847874720357942,0.0005369127516778523,0.005995525727069352,0.58
58,0.9897986577181208,0.004116331096196868,0.0003579418344519016,0.005727069351230425,0.59
59,0.9899776286353468,0.0044742729306487695,0.0001789709172259508,0.005369127516778523,0.6
60,0.9900671140939598,0.004563758389261745,8.94854586129754e-05,0.005279642058165548,0.61
61,0.9900671140939598,0.004832214765100671,8.94854586129754e-05,0.005011185682326622,0.62
62,0.9900671140939598,0.004832214765100671,8.94854586129754e-05,0.005011185682326622,0.63
63,0.9900671140939598,0.005190156599552573,8.94854586129754e-05,0.004653243847874721,0.64
64,0.9900671140939598,0.0058165548098434005,8.94854586129754e-05,0.004026845637583893,0.65
65,0.9900671140939598,0.005995525727069352,8.94854586129754e-05,0.003847874720357942,0.66
66,0.9900671140939598,0.005995525727069352,8.94854586129754e-05,0.003847874720357942,0.67
67,0.9900671140939598,0.006174496644295302,8.94854586129754e-05,0.003668903803131991,0.68
68,0.9900671140939598,0.006174496644295302,8.94854586129754e-05,0.003668903803131991,0.69
69,0.9900671140939598,0.006532438478747204,8.94854586129754e-05,0.0033109619686800896,0.7
70,0.9900671140939598,0.006890380313199105,8.94854586129754e-05,0.002953020134228188,0.71
71,0.9900671140939598,0.007248322147651007,8.94854586129754e-05,0.0025950782997762865,0.72
72,0.9900671140939598,0.007427293064876958,8.94854586129754e-05,0.0024161073825503354,0.73
73,0.9900671140939598,0.007606263982102908,8.94854586129754e-05,0.0022371364653243847,0.74
74,0.9900671140939598,0.007606263982102908,8.94854586129754e-05,0.0022371364653243847,0.75
75,0.9900671140939598,0.008053691275167786,8.94854586129754e-05,0.0017897091722595079,0.76
76,0.9900671140939598,0.00832214765100671,8.94854586129754e-05,0.0015212527964205817,0.77
77,0.9900671140939598,0.00832214765100671,8.94854586129754e-05,0.0015212527964205817,0.78
78,0.9900671140939598,0.008501118568232663,8.94854586129754e-05,0.0013422818791946308,0.79
79,0.9900671140939598,0.008501118568232663,8.94854586129754e-05,0.0013422818791946308,0.8
80,0.9901565995525727,0.008501118568232663,0.0,0.0013422818791946308,0.81
81,0.9901565995525727,0.008501118568232663,0.0,0.0013422818791946308,0.82
82,0.9901565995525727,0.008769574944071589,0.0,0.0010738255033557046,0.83
83,0.9901565995525727,0.009038031319910515,0.0,0.0008053691275167785,0.84
84,0.9901565995525727,0.00912751677852349,0.0,0.0007158836689038032,0.85
85,0.9901565995525727,0.009217002237136465,0.0,0.0006263982102908277,0.86
86,0.9901565995525727,0.009306487695749441,0.0,0.0005369127516778523,0.87
87,0.9901565995525727,0.009306487695749441,0.0,0.0005369127516778523,0.88
88,0.9901565995525727,0.009306487695749441,0.0,0.0005369127516778523,0.89
89,0.9901565995525727,0.009485458612975391,0.0,0.0003579418344519016,0.9
90,0.9901565995525727,0.009664429530201342,0.0,0.0001789709172259508,0.91
91,0.9901565995525727,0.009664429530201342,0.0,0.0001789709172259508,0.92
92,0.9901565995525727,0.009664429530201342,0.0,0.0001789709172259508,0.93
93,0.9901565995525727,0.009664429530201342,0.0,0.0001789709172259508,0.94
94,0.9901565995525727,0.009753914988814318,0.0,8.94854586129754e-05,0.95
95,0.9901565995525727,0.009753914988814318,0.0,8.94854586129754e-05,0.96
96,0.9901565995525727,0.009753914988814318,0.0,8.94854586129754e-05,0.97
97,0.9901565995525727,0.009753914988814318,0.0,8.94854586129754e-05,0.98
98,0.9901565995525727,0.009753914988814318,0.0,8.94854586129754e-05,0.99
99,0.9901565995525727,0.009753914988814318,0.0,8.94854586129754e-05,1.0
