,tn,fp,fn,tp,percentage
0,0.0001789709172259508,0.0,0.9899776286353468,0.009843400447427294,0.01
1,0.0005369127516778523,0.0,0.9896196868008948,0.009843400447427294,0.02
2,0.0013422818791946308,0.0,0.9888143176733781,0.009843400447427294,0.03
3,0.002953020134228188,0.0,0.9872035794183445,0.009843400447427294,0.04
4,0.006085011185682327,0.0,0.9840715883668903,0.009843400447427294,0.05
5,0.006085011185682327,0.0,0.9840715883668903,0.009843400447427294,0.06
6,0.011364653243847875,0.0,0.9787919463087248,0.009843400447427294,0.07
7,0.01959731543624161,0.0,0.9705592841163311,0.009843400447427294,0.08
8,0.03131991051454139,0.0,0.9588366890380313,0.009843400447427294,0.09
9,0.04832214765100671,0.0,0.941834451901566,0.009843400447427294,0.1
10,0.04832214765100671,0.0,0.941834451901566,0.009843400447427294,0.11
11,0.06926174496644295,0.0,0.9208948545861297,0.009843400447427294,0.12
12,0.10013422818791946,0.0,0.8900223713646532,0.009843400447427294,0.13
13,0.14210290827740493,0.0,0.8480536912751678,0.009843400447427294,0.14
14,0.18774049217002237,0.0,0.8024161073825503,0.009843400447427294,0.15
15,0.18774049217002237,0.0,0.8024161073825503,0.009843400447427294,0.16
16,0.2411633109619687,0.0,0.748993288590604,0.009843400447427294,0.17
17,0.29700223713646534,0.0,0.6931543624161074,0.009843400447427294,0.18
18,0.36268456375838926,0.0,0.6274720357941834,0.009843400447427294,0.19
19,0.42970917225950783,0.0,0.5604474272930648,0.009843400447427294,0.2
20,0.49467561521252795,0.0,0.49548098434004473,0.009843400447427294,0.21
21,0.49467561521252795,0.0,0.49548098434004473,0.009843400447427294,0.22
22,0.5570469798657718,0.0001789709172259508,0.4331096196868009,0.009664429530201342,0.23
23,0.618165548098434,0.0001789709172259508,0.3719910514541387,0.009664429530201342,0.24
24,0.6724832214765101,0.0001789709172259508,0.31767337807606266,0.009664429530201342,0.25
25,0.7229530201342282,0.0001789709172259508,0.2672035794183445,0.009664429530201342,0.26
26,0.7229530201342282,0.0001789709172259508,0.2672035794183445,0.009664429530201342,0.27
27,0.7667114093959732,0.0001789709172259508,0.22344519015659955,0.009664429530201342,0.28
28,0.8056375838926174,0.00026845637583892615,0.18451901565995527,0.009574944071588367,0.29
29,0.8371364653243848,0.0003579418344519016,0.15302013422818792,0.009485458612975391,0.3
30,0.8675615212527964,0.0003579418344519016,0.12259507829977628,0.009485458612975391,0.31
31,0.8675615212527964,0.0003579418344519016,0.12259507829977628,0.009485458612975391,0.32
32,0.8914541387024608,0.0008053691275167785,0.09870246085011186,0.009038031319910515,0.33
33,0.9123937360178971,0.0008948545861297539,0.07776286353467561,0.008948545861297539,0.34
34,0.930559284116331,0.0009843400447427293,0.05959731543624161,0.008859060402684563,0.35
35,0.9438926174496645,0.0011633109619686801,0.046263982102908274,0.008680089485458613,0.36
36,0.9438926174496645,0.0011633109619686801,0.046263982102908274,0.008680089485458613,0.37
37,0.9548993288590604,0.0011633109619686801,0.0352572706935123,0.008680089485458613,0.38
38,0.9631319910514541,0.0012527964205816555,0.02702460850111857,0.008590604026845637,0.39
39,0.9683221476510067,0.0014317673378076063,0.021834451901565997,0.008411633109619687,0.4
40,0.9737807606263982,0.0014317673378076063,0.016375838926174495,0.008411633109619687,0.41
41,0.9771812080536912,0.0017002237136465323,0.012975391498881432,0.00814317673378076,0.42
42,0.9771812080536912,0.0017002237136465323,0.012975391498881432,0.00814317673378076,0.43
43,0.9806711409395973,0.0019686800894854585,0.009485458612975391,0.007874720357941834,0.44
44,0.9821923937360179,0.002058165548098434,0.00796420581655481,0.007785234899328859,0.45
45,0.9834451901565996,0.0022371364653243847,0.006711409395973154,0.007606263982102908,0.46
46,0.9854138702460851,0.002505592841163311,0.004742729306487696,0.007337807606263982,0.47
47,0.9854138702460851,0.002505592841163311,0.004742729306487696,0.007337807606263982,0.48
48,0.9863982102908277,0.002953020134228188,0.0037583892617449664,0.006890380313199105,0.49
49,0.9876510067114094,0.0030425055928411633,0.002505592841163311,0.006800894854586129,0.5
50,0.9880984340044743,0.003221476510067114,0.002058165548098434,0.006621923937360179,0.51
51,0.9884563758389262,0.0034004474272930647,0.0017002237136465323,0.006442953020134228,0.52
52,0.9884563758389262,0.0034004474272930647,0.0017002237136465323,0.006442953020134228,0.53
53,0.988993288590604,0.00348993288590604,0.0011633109619686801,0.006353467561521253,0.54
54,0.989082774049217,0.003668903803131991,0.0010738255033557046,0.006174496644295302,0.55
55,0.9892617449664429,0.003847874720357942,0.0008948545861297539,0.005995525727069352,0.56
56,0.9896196868008948,0.003937360178970917,0.0005369127516778523,0.005906040268456376,0.57
57,0.9896196868008948,0.003937360178970917,0.0005369127516778523,0.005906040268456376,0.58
58,0.9897986577181208,0.004205816554809843,0.0003579418344519016,0.005637583892617449,0.59
59,0.9900671140939598,0.004295302013422818,8.94854586129754e-05,0.005548098434004474,0.6
60,0.9900671140939598,0.004742729306487696,8.94854586129754e-05,0.005100671140939597,0.61
61,0.9900671140939598,0.004921700223713647,8.94854586129754e-05,0.004921700223713647,0.62
62,0.9900671140939598,0.005727069351230425,8.94854586129754e-05,0.004116331096196868,0.63
63,0.9900671140939598,0.005727069351230425,8.94854586129754e-05,0.004116331096196868,0.64
64,0.9900671140939598,0.005906040268456376,8.94854586129754e-05,0.003937360178970917,0.65
65,0.9900671140939598,0.005995525727069352,8.94854586129754e-05,0.003847874720357942,0.66
66,0.9900671140939598,0.006174496644295302,8.94854586129754e-05,0.003668903803131991,0.67
67,0.9900671140939598,0.006621923937360179,8.94854586129754e-05,0.003221476510067114,0.68
68,0.9900671140939598,0.006621923937360179,8.94854586129754e-05,0.003221476510067114,0.69
69,0.9900671140939598,0.006800894854586129,8.94854586129754e-05,0.0030425055928411633,0.7
70,0.9900671140939598,0.0071588366890380315,8.94854586129754e-05,0.0026845637583892616,0.71
71,0.9900671140939598,0.007337807606263982,8.94854586129754e-05,0.002505592841163311,0.72
72,0.9900671140939598,0.007606263982102908,8.94854586129754e-05,0.0022371364653243847,0.73
73,0.9900671140939598,0.007606263982102908,8.94854586129754e-05,0.0022371364653243847,0.74
74,0.9900671140939598,0.007874720357941834,8.94854586129754e-05,0.0019686800894854585,0.75
75,0.9900671140939598,0.00832214765100671,8.94854586129754e-05,0.0015212527964205817,0.76
76,0.9900671140939598,0.008411633109619687,8.94854586129754e-05,0.0014317673378076063,0.77
77,0.9900671140939598,0.008411633109619687,8.94854586129754e-05,0.0014317673378076063,0.78
78,0.9900671140939598,0.008411633109619687,8.94854586129754e-05,0.0014317673378076063,0.79
79,0.9900671140939598,0.008501118568232663,8.94854586129754e-05,0.0013422818791946308,0.8
80,0.9900671140939598,0.008769574944071589,8.94854586129754e-05,0.0010738255033557046,0.81
81,0.9901565995525727,0.008859060402684563,0.0,0.0009843400447427293,0.82
82,0.9901565995525727,0.009038031319910515,0.0,0.0008053691275167785,0.83
83,0.9901565995525727,0.00912751677852349,0.0,0.0007158836689038032,0.84
84,0.9901565995525727,0.00912751677852349,0.0,0.0007158836689038032,0.85
85,0.9901565995525727,0.009306487695749441,0.0,0.0005369127516778523,0.86
86,0.9901565995525727,0.009395973154362415,0.0,0.00044742729306487697,0.87
87,0.9901565995525727,0.009395973154362415,0.0,0.00044742729306487697,0.88
88,0.9901565995525727,0.009574944071588367,0.0,0.00026845637583892615,0.89
89,0.9901565995525727,0.009574944071588367,0.0,0.00026845637583892615,0.9
90,0.9901565995525727,0.009664429530201342,0.0,0.0001789709172259508,0.91
91,0.9901565995525727,0.009753914988814318,0.0,8.94854586129754e-05,0.92
92,0.9901565995525727,0.009753914988814318,0.0,8.94854586129754e-05,0.93
93,0.9901565995525727,0.009753914988814318,0.0,8.94854586129754e-05,0.94
94,0.9901565995525727,0.009753914988814318,0.0,8.94854586129754e-05,0.95
95,0.9901565995525727,0.009753914988814318,0.0,8.94854586129754e-05,0.96
96,0.9901565995525727,0.009753914988814318,0.0,8.94854586129754e-05,0.97
97,0.9901565995525727,0.009753914988814318,0.0,8.94854586129754e-05,0.98
98,0.9901565995525727,0.009753914988814318,0.0,8.94854586129754e-05,0.99
99,0.9901565995525727,0.009753914988814318,0.0,8.94854586129754e-05,1.0
