,tn,fp,fn,tp,percentage
0,0.0001789709172259508,0.0,0.9899776286353468,0.009843400447427294,0.01
1,0.0006263982102908277,0.0,0.9895302013422819,0.009843400447427294,0.02
2,0.001610738255033557,0.0,0.9885458612975392,0.009843400447427294,0.03
3,0.00348993288590604,0.0,0.9866666666666667,0.009843400447427294,0.04
4,0.00348993288590604,0.0,0.9866666666666667,0.009843400447427294,0.05
5,0.007337807606263982,0.0,0.9828187919463087,0.009843400447427294,0.06
6,0.01395973154362416,0.0,0.9761968680089486,0.009843400447427294,0.07
7,0.02442953020134228,0.0,0.9657270693512304,0.009843400447427294,0.08
8,0.038389261744966444,0.0,0.9517673378076063,0.009843400447427294,0.09
9,0.058702460850111854,0.0,0.9314541387024609,0.009843400447427294,0.1
10,0.058702460850111854,0.0,0.9314541387024609,0.009843400447427294,0.11
11,0.08519015659955258,0.0,0.9049664429530201,0.009843400447427294,0.12
12,0.127248322147651,0.0,0.8629082774049217,0.009843400447427294,0.13
13,0.1738702460850112,0.0,0.8162863534675615,0.009843400447427294,0.14
14,0.229082774049217,0.0,0.7610738255033557,0.009843400447427294,0.15
15,0.229082774049217,0.0,0.7610738255033557,0.009843400447427294,0.16
16,0.2878747203579418,0.0,0.7022818791946309,0.009843400447427294,0.17
17,0.3553467561521253,0.0,0.6348098434004474,0.009843400447427294,0.18
18,0.425503355704698,0.0,0.5646532438478747,0.009843400447427294,0.19
19,0.4949440715883669,0.0,0.49521252796420584,0.009843400447427294,0.2
20,0.4949440715883669,0.0,0.49521252796420584,0.009843400447427294,0.21
21,0.5595525727069351,0.0001789709172259508,0.4306040268456376,0.009664429530201342,0.22
22,0.6208501118568233,0.0001789709172259508,0.3693064876957494,0.009664429530201342,0.23
23,0.6786577181208053,0.0001789709172259508,0.31149888143176735,0.009664429530201342,0.24
24,0.7290380313199105,0.0001789709172259508,0.2611185682326622,0.009664429530201342,0.25
25,0.7290380313199105,0.0001789709172259508,0.2611185682326622,0.009664429530201342,0.26
26,0.7753020134228188,0.0001789709172259508,0.21485458612975392,0.009664429530201342,0.27
27,0.8134228187919463,0.0003579418344519016,0.1767337807606264,0.009485458612975391,0.28
28,0.847248322147651,0.0003579418344519016,0.1429082774049217,0.009485458612975391,0.29
29,0.847248322147651,0.0003579418344519016,0.1429082774049217,0.009485458612975391,0.3
30,0.8748993288590604,0.0003579418344519016,0.1152572706935123,0.009485458612975391,0.31
31,0.9004921700223714,0.0008053691275167785,0.08966442953020134,0.009038031319910515,0.32
32,0.9213422818791946,0.0008948545861297539,0.06881431767337808,0.008948545861297539,0.33
33,0.9368232662192394,0.0011633109619686801,0.05333333333333334,0.008680089485458613,0.34
34,0.949351230425056,0.0011633109619686801,0.040805369127516776,0.008680089485458613,0.35
35,0.949351230425056,0.0011633109619686801,0.040805369127516776,0.008680089485458613,0.36
36,0.959910514541387,0.0011633109619686801,0.030246085011185683,0.008680089485458613,0.37
37,0.9659060402684564,0.0013422818791946308,0.024250559284116333,0.008501118568232663,0.38
38,0.9723489932885906,0.0014317673378076063,0.017807606263982104,0.008411633109619687,0.39
39,0.9766442953020135,0.001610738255033557,0.013512304250559284,0.008232662192393736,0.4
40,0.9766442953020135,0.001610738255033557,0.013512304250559284,0.008232662192393736,0.41
41,0.9804921700223713,0.0018791946308724832,0.009664429530201342,0.00796420581655481,0.42
42,0.981923937360179,0.002058165548098434,0.008232662192393736,0.007785234899328859,0.43
43,0.9833557046979866,0.0022371364653243847,0.006800894854586129,0.007606263982102908,0.44
44,0.9833557046979866,0.0022371364653243847,0.006800894854586129,0.007606263982102908,0.45
45,0.9852348993288591,0.002505592841163311,0.004921700223713647,0.007337807606263982,0.46
46,0.9864876957494407,0.0028635346756152127,0.003668903803131991,0.00697986577181208,0.47
47,0.9876510067114094,0.002953020134228188,0.002505592841163311,0.006890380313199105,0.48
48,0.9880089485458613,0.003221476510067114,0.002147651006711409,0.006621923937360179,0.49
49,0.9884563758389262,0.0034004474272930647,0.0017002237136465323,0.006442953020134228,0.5
50,0.9884563758389262,0.0034004474272930647,0.0017002237136465323,0.006442953020134228,0.51
51,0.988903803131991,0.00348993288590604,0.0012527964205816555,0.006353467561521253,0.52
52,0.989082774049217,0.0037583892617449664,0.0010738255033557046,0.006085011185682327,0.53
53,0.9891722595078299,0.003847874720357942,0.0009843400447427293,0.005995525727069352,0.54
54,0.9897091722595078,0.004026845637583893,0.00044742729306487697,0.0058165548098434005,0.55
55,0.9897091722595078,0.004026845637583893,0.00044742729306487697,0.0058165548098434005,0.56
56,0.9897986577181208,0.004116331096196868,0.0003579418344519016,0.005727069351230425,0.57
57,0.9899776286353468,0.004384787472035794,0.0001789709172259508,0.005458612975391499,0.58
58,0.9900671140939598,0.004832214765100671,8.94854586129754e-05,0.005011185682326622,0.59
59,0.9900671140939598,0.004832214765100671,8.94854586129754e-05,0.005011185682326622,0.6
60,0.9900671140939598,0.005369127516778523,8.94854586129754e-05,0.0044742729306487695,0.61
61,0.9900671140939598,0.005727069351230425,8.94854586129754e-05,0.004116331096196868,0.62
62,0.9900671140939598,0.0058165548098434005,8.94854586129754e-05,0.004026845637583893,0.63
63,0.9900671140939598,0.006085011185682327,8.94854586129754e-05,0.0037583892617449664,0.64
64,0.9900671140939598,0.006174496644295302,8.94854586129754e-05,0.003668903803131991,0.65
65,0.9900671140939598,0.006174496644295302,8.94854586129754e-05,0.003668903803131991,0.66
66,0.9900671140939598,0.006532438478747204,8.94854586129754e-05,0.0033109619686800896,0.67
67,0.9900671140939598,0.00697986577181208,8.94854586129754e-05,0.0028635346756152127,0.68
68,0.9900671140939598,0.007337807606263982,8.94854586129754e-05,0.002505592841163311,0.69
69,0.9900671140939598,0.007427293064876958,8.94854586129754e-05,0.0024161073825503354,0.7
70,0.9900671140939598,0.007427293064876958,8.94854586129754e-05,0.0024161073825503354,0.71
71,0.9900671140939598,0.007785234899328859,8.94854586129754e-05,0.002058165548098434,0.72
72,0.9900671140939598,0.00814317673378076,8.94854586129754e-05,0.0017002237136465323,0.73
73,0.9900671140939598,0.008411633109619687,8.94854586129754e-05,0.0014317673378076063,0.74
74,0.9900671140939598,0.008411633109619687,8.94854586129754e-05,0.0014317673378076063,0.75
75,0.9900671140939598,0.008411633109619687,8.94854586129754e-05,0.0014317673378076063,0.76
76,0.9900671140939598,0.008411633109619687,8.94854586129754e-05,0.0014317673378076063,0.77
77,0.9900671140939598,0.008680089485458613,8.94854586129754e-05,0.0011633109619686801,0.78
78,0.9901565995525727,0.008769574944071589,0.0,0.0010738255033557046,0.79
79,0.9901565995525727,0.008948545861297539,0.0,0.0008948545861297539,0.8
80,0.9901565995525727,0.008948545861297539,0.0,0.0008948545861297539,0.81
81,0.9901565995525727,0.00912751677852349,0.0,0.0007158836689038032,0.82
82,0.9901565995525727,0.00912751677852349,0.0,0.0007158836689038032,0.83
83,0.9901565995525727,0.009217002237136465,0.0,0.0006263982102908277,0.84
84,0.9901565995525727,0.009217002237136465,0.0,0.0006263982102908277,0.85
85,0.9901565995525727,0.009395973154362415,0.0,0.00044742729306487697,0.86
86,0.9901565995525727,0.009485458612975391,0.0,0.0003579418344519016,0.87
87,0.9901565995525727,0.009664429530201342,0.0,0.0001789709172259508,0.88
88,0.9901565995525727,0.009753914988814318,0.0,8.94854586129754e-05,0.89
89,0.9901565995525727,0.009753914988814318,0.0,8.94854586129754e-05,0.9
90,0.9901565995525727,0.009753914988814318,0.0,8.94854586129754e-05,0.91
91,0.9901565995525727,0.009753914988814318,0.0,8.94854586129754e-05,0.92
92,0.9901565995525727,0.009753914988814318,0.0,8.94854586129754e-05,0.93
93,0.9901565995525727,0.009753914988814318,0.0,8.94854586129754e-05,0.94
94,0.9901565995525727,0.009753914988814318,0.0,8.94854586129754e-05,0.95
95,0.9901565995525727,0.009753914988814318,0.0,8.94854586129754e-05,0.96
96,0.9901565995525727,0.009753914988814318,0.0,8.94854586129754e-05,0.97
97,0.9901565995525727,0.009753914988814318,0.0,8.94854586129754e-05,0.98
98,0.9901565995525727,0.009753914988814318,0.0,8.94854586129754e-05,0.99
99,0.9901565995525727,0.009753914988814318,0.0,8.94854586129754e-05,1.0
