,tn,fp,fn,tp,percentage
0,0.9901536559519605,0.0,0.009758036029671494,8.830801836806782e-05,0.01
1,0.9901536559519605,0.0,0.009669728011303426,0.00017661603673613564,0.02
2,0.9901536559519605,0.0,0.009669728011303426,0.00017661603673613564,0.03
3,0.9901536559519605,0.0,0.00949311197456729,0.00035323207347227127,0.04
4,0.9901536559519605,0.0,0.00949311197456729,0.00035323207347227127,0.05
5,0.9901536559519605,0.0,0.00949311197456729,0.00035323207347227127,0.06
6,0.9901536559519605,0.0,0.009404803956199224,0.0004415400918403391,0.07
7,0.9900653479335924,8.830801836806782e-05,0.009228187919463088,0.0006181561285764748,0.08
8,0.9900653479335924,8.830801836806782e-05,0.008963263864358884,0.0008830801836806782,0.09
9,0.9900653479335924,8.830801836806782e-05,0.00869833980925468,0.0011480042387848816,0.1
10,0.9900653479335924,8.830801836806782e-05,0.008168491699046274,0.0016778523489932886,0.11
11,0.9900653479335924,8.830801836806782e-05,0.008080183680678206,0.0017661603673613563,0.12
12,0.9900653479335924,8.830801836806782e-05,0.00790356764394207,0.001942776404097492,0.13
13,0.9900653479335924,8.830801836806782e-05,0.007726951607205934,0.0021193924408336277,0.14
14,0.9900653479335924,8.830801836806782e-05,0.007462027552101731,0.002384316495937831,0.15
15,0.9900653479335924,8.830801836806782e-05,0.007373719533733663,0.002472624514305899,0.16
16,0.9900653479335924,8.830801836806782e-05,0.007197103496997527,0.0026492405510420347,0.17
17,0.9900653479335924,8.830801836806782e-05,0.006932179441893324,0.002914164606146238,0.18
18,0.9900653479335924,8.830801836806782e-05,0.006490639350052985,0.003355704697986577,0.19
19,0.9900653479335924,8.830801836806782e-05,0.006225715294948781,0.0036206287530907806,0.2
20,0.9900653479335924,8.830801836806782e-05,0.00587248322147651,0.003973860826563052,0.21
21,0.9900653479335924,8.830801836806782e-05,0.005784175203108442,0.0040621688449311195,0.22
22,0.9900653479335924,8.830801836806782e-05,0.005430943129636171,0.004415400918403391,0.23
23,0.9900653479335924,8.830801836806782e-05,0.005430943129636171,0.004415400918403391,0.24
24,0.9900653479335924,8.830801836806782e-05,0.0049894030377958315,0.00485694101024373,0.25
25,0.9900653479335924,8.830801836806782e-05,0.004901095019427764,0.004945249028611798,0.26
26,0.9900653479335924,8.830801836806782e-05,0.0046361709643235605,0.005210173083716001,0.27
27,0.9899770399152243,0.00017661603673613564,0.0046361709643235605,0.005210173083716001,0.28
28,0.9899770399152243,0.00017661603673613564,0.0044595549275874245,0.005386789120452137,0.29
29,0.9899770399152243,0.00017661603673613564,0.004371246909219357,0.005475097138820205,0.3
30,0.9899770399152243,0.00017661603673613564,0.004371246909219357,0.005475097138820205,0.31
31,0.9898004238784882,0.00035323207347227127,0.0042829388908512895,0.005563405157188272,0.32
32,0.9896238078417521,0.0005298481102084069,0.003929706817379018,0.005916637230660544,0.33
33,0.989535499823384,0.0006181561285764748,0.0037530907806428825,0.006093253267396679,0.34
34,0.989447191805016,0.0007064641469445425,0.0036647827622748146,0.006181561285764747,0.35
35,0.989447191805016,0.0007064641469445425,0.0035764747439067466,0.006269869304132815,0.36
36,0.9891822677499117,0.000971388202048746,0.003399858707170611,0.006446485340868951,0.37
37,0.9882108795478629,0.001942776404097492,0.0031349346520664076,0.006711409395973154,0.38
38,0.9881225715294949,0.0020310844224655598,0.002781702578594136,0.007064641469445425,0.39
39,0.9875927234192865,0.0025609325326739667,0.0026050865418580007,0.007241257506181561,0.4
40,0.986886259272342,0.0032673966796185096,0.002428470505121865,0.007417873542917697,0.41
41,0.9860914871070293,0.0040621688449311195,0.0023401624867537972,0.007506181561285765,0.42
42,0.9852084069233487,0.004945249028611798,0.0023401624867537972,0.007506181561285765,0.43
43,0.9822942423172024,0.007859413634758035,0.0021635464500176617,0.0076827975980219,0.44
44,0.980439773931473,0.00971388202048746,0.001986930413281526,0.007859413634758035,0.45
45,0.9784969975273755,0.011656658424584953,0.001986930413281526,0.007859413634758035,0.46
46,0.9762009890498057,0.013952666902154716,0.0017220063581773225,0.008124337689862239,0.47
47,0.9731102084069233,0.017043447545037088,0.0015453903214411868,0.008300953726598375,0.48
48,0.9696661956905687,0.020487460261391734,0.0015453903214411868,0.008300953726598375,0.49
49,0.9630430943129636,0.027110561638996823,0.001457082303073119,0.008389261744966443,0.5
50,0.9560667608618862,0.034086895090074176,0.0013687742847050513,0.008477569763334511,0.51
51,0.9501501236312258,0.040003532320734725,0.0012804662663369834,0.008565877781702579,0.52
52,0.9429088661250442,0.04724478982691628,0.0011038502296008479,0.008742493818438715,0.53
53,0.934961144471918,0.05519251148004239,0.0010155422112327799,0.008830801836806783,0.54
54,0.9266601907453197,0.06349346520664076,0.0010155422112327799,0.008830801836806783,0.55
55,0.9176527728717767,0.07250088308018368,0.0010155422112327799,0.008830801836806783,0.56
56,0.8965471564818085,0.09360649947015189,0.0009272341928647121,0.008919109855174849,0.57
57,0.8833892617449665,0.10676439420699399,0.0008389261744966443,0.009007417873542917,0.58
58,0.8689950547509714,0.12115860120098905,0.0008389261744966443,0.009007417873542917,0.59
59,0.8544242317202402,0.13572942423172024,0.0007506181561285765,0.009095725891910985,0.6
60,0.8376457082303073,0.15250794772165313,0.0006623101377605087,0.009184033910279053,0.61
61,0.8169816319321794,0.173172024019781,0.0005740021193924408,0.009272341928647121,0.62
62,0.7737107029318262,0.21644295302013422,0.0005740021193924408,0.009272341928647121,0.63
63,0.749955845990816,0.24019780996114448,0.000485694101024373,0.009360649947015189,0.64
64,0.7246997527375486,0.26545390321441187,0.000485694101024373,0.009360649947015189,0.65
65,0.6959996467679266,0.2941540091840339,0.000485694101024373,0.009360649947015189,0.66
66,0.6711409395973155,0.319012716354645,0.00035323207347227127,0.00949311197456729,0.67
67,0.6397915930766513,0.3503620628753091,0.00035323207347227127,0.00949311197456729,0.68
68,0.5759448957965383,0.41420876015542213,0.00035323207347227127,0.00949311197456729,0.69
69,0.5372659837513246,0.4528876722006358,0.00026492405510420347,0.009581419992935358,0.7
70,0.501368774284705,0.48878488166725537,0.00013246202755210173,0.00971388202048746,0.71
71,0.4652066407629813,0.5249470151889791,0.0,0.009846344048039562,0.72
72,0.4305015895443306,0.5596520664076298,0.0,0.009846344048039562,0.73
73,0.3964146944542564,0.593738961497704,0.0,0.009846344048039562,0.74
74,0.32894736842105265,0.6612062875309078,0.0,0.009846344048039562,0.75
75,0.2958318615330272,0.6943217944189333,0.0,0.009846344048039562,0.76
76,0.26598375132462027,0.7241699046273402,0.0,0.009846344048039562,0.77
77,0.2371070293182621,0.7530466266336984,0.0,0.009846344048039562,0.78
78,0.2085835393853762,0.7815701165665843,0.0,0.009846344048039562,0.79
79,0.18209113387495585,0.8080625220770046,0.0,0.009846344048039562,0.8
80,0.15718827269516072,0.8329653832567997,0.0,0.009846344048039562,0.81
81,0.11135641116213352,0.8787972447898269,0.0,0.009846344048039562,0.82
82,0.09351819145178382,0.8966354645001766,0.0,0.009846344048039562,0.83
83,0.07868244436594843,0.911471211586012,0.0,0.009846344048039562,0.84
84,0.0666725538678912,0.9234811020840692,0.0,0.009846344048039562,0.85
85,0.053249735075944896,0.9369039208760156,0.0,0.009846344048039562,0.86
86,0.0436241610738255,0.946529494878135,0.0,0.009846344048039562,0.87
87,0.02631578947368421,0.9638378664782762,0.0,0.009846344048039562,0.88
88,0.02022253620628753,0.9699311197456729,0.0,0.009846344048039562,0.89
89,0.016248675379724478,0.973904980572236,0.0,0.009846344048039562,0.9
90,0.011391734369480749,0.9787619215824797,0.0,0.009846344048039562,0.91
91,0.007771105616389968,0.9823825503355704,0.0,0.009846344048039562,0.92
92,0.005121865065347933,0.9850317908866125,0.0,0.009846344048039562,0.93
93,0.0027375485694101026,0.9874161073825504,0.0,0.009846344048039562,0.94
94,0.001501236312257153,0.9886524196397033,0.0,0.009846344048039562,0.95
95,0.0010596962204168139,0.9890939597315436,0.0,0.009846344048039562,0.96
96,0.0006181561285764748,0.989535499823384,0.0,0.009846344048039562,0.97
97,0.0004415400918403391,0.9897121158601201,0.0,0.009846344048039562,0.98
98,0.0004415400918403391,0.9897121158601201,0.0,0.009846344048039562,0.99
99,0.0,0.9901536559519605,0.0,0.009846344048039562,1.0
