,tn,fp,fn,tp,percentage
0,0.9901536559519605,0.0,0.009669728011303426,0.00017661603673613564,0.01
1,0.9901536559519605,0.0,0.00949311197456729,0.00035323207347227127,0.02
2,0.9901536559519605,0.0,0.00949311197456729,0.00035323207347227127,0.03
3,0.9901536559519605,0.0,0.00913987990109502,0.0007064641469445425,0.04
4,0.9901536559519605,0.0,0.008786647827622748,0.0010596962204168139,0.05
5,0.9901536559519605,0.0,0.008610031790886612,0.0012363122571529496,0.06
6,0.9901536559519605,0.0,0.008080183680678206,0.0017661603673613563,0.07
7,0.9901536559519605,0.0,0.007726951607205934,0.0021193924408336277,0.08
8,0.9901536559519605,0.0,0.007373719533733663,0.002472624514305899,0.09
9,0.9900653479335924,8.830801836806782e-05,0.007020487460261392,0.00282585658777817,0.1
10,0.9900653479335924,8.830801836806782e-05,0.006755563405157188,0.0030907806428823736,0.11
11,0.9899770399152243,0.00017661603673613564,0.006314023313316849,0.0035323207347227126,0.12
12,0.9899770399152243,0.00017661603673613564,0.006049099258212645,0.003797244789826916,0.13
13,0.9899770399152243,0.00017661603673613564,0.005695867184740374,0.0041504768632991875,0.14
14,0.9899770399152243,0.00017661603673613564,0.005342635111268103,0.0045037089367714585,0.15
15,0.9897121158601201,0.0004415400918403391,0.005166019074531967,0.0046803249735075944,0.16
16,0.9896238078417521,0.0005298481102084069,0.004901095019427764,0.004945249028611798,0.17
17,0.989535499823384,0.0006181561285764748,0.004812787001059696,0.0050335570469798654,0.18
18,0.9891822677499117,0.000971388202048746,0.0045478629459554925,0.005298481102084069,0.19
19,0.9885641116213352,0.0015895443306252208,0.004371246909219357,0.005475097138820205,0.2
20,0.9871511833274461,0.003002472624514306,0.0042829388908512895,0.005563405157188272,0.21
21,0.9862681031437655,0.003885552808194984,0.0040180148357470856,0.005828329212292476,0.22
22,0.9845902507947721,0.005563405157188272,0.00384139879901095,0.006004945249028612,0.23
23,0.9826474743906747,0.007506181561285765,0.003488166725538679,0.006358177322500883,0.24
24,0.9813228541151536,0.008830801836806783,0.003488166725538679,0.006358177322500883,0.25
25,0.9775256093253267,0.012628046626633698,0.003311550688802543,0.006534793359237019,0.26
26,0.9740815966089721,0.016072059342988342,0.0032232426704344756,0.006623101377605086,0.27
27,0.9708141999293536,0.019339456022606852,0.0032232426704344756,0.006623101377605086,0.28
28,0.9652507947721654,0.024902861179795125,0.0032232426704344756,0.006623101377605086,0.29
29,0.9624249381843871,0.027728717767573297,0.002958318615330272,0.00688802543270929,0.3
30,0.9562433768986224,0.033910279053338044,0.0026933945602260687,0.007152949487813493,0.31
31,0.949090427410809,0.041063228541151534,0.002428470505121865,0.007417873542917697,0.32
32,0.9453814906393501,0.044772165312610385,0.0022518544683857293,0.007594489579653832,0.33
33,0.9362857647474391,0.05386789120452137,0.0021635464500176617,0.0076827975980219,0.34
34,0.9248057223595902,0.06534793359237019,0.0017220063581773225,0.008124337689862239,0.35
35,0.9191540091840339,0.07099964676792653,0.0015453903214411868,0.008300953726598375,0.36
36,0.9069675026492405,0.08318615330271989,0.0012804662663369834,0.008565877781702579,0.37
37,0.9002560932532674,0.08989756269869305,0.0011921582479689156,0.008654185800070647,0.38
38,0.8859501942776404,0.10420346167432003,0.0011921582479689156,0.008654185800070647,0.39
39,0.8702313670081243,0.1199222889438361,0.0011038502296008479,0.008742493818438715,0.4
40,0.8611356411162133,0.1290180148357471,0.0011038502296008479,0.008742493818438715,0.41
41,0.842414341222183,0.14773931472977747,0.0010155422112327799,0.008830801836806783,0.42
42,0.8206905687036383,0.16946308724832215,0.0010155422112327799,0.008830801836806783,0.43
43,0.8108883786647828,0.17926527728717767,0.0008389261744966443,0.009007417873542917,0.44
44,0.7919021547156482,0.19825150123631224,0.0008389261744966443,0.009007417873542917,0.45
45,0.7805987283645355,0.20955492758742494,0.0008389261744966443,0.009007417873542917,0.46
46,0.7574620275521017,0.2326916283998587,0.0008389261744966443,0.009007417873542917,0.47
47,0.7329123984457788,0.25724125750618154,0.0008389261744966443,0.009007417873542917,0.48
48,0.7203726598375132,0.26978099611444717,0.0008389261744966443,0.009007417873542917,0.49
49,0.6920257859413634,0.298127870010597,0.0008389261744966443,0.009007417873542917,0.5
50,0.6655333804309431,0.3246202755210173,0.0007506181561285765,0.009095725891910985,0.51
51,0.6507859413634758,0.33936771458848464,0.0007506181561285765,0.009095725891910985,0.52
52,0.621114447191805,0.36903920876015545,0.0007506181561285765,0.009095725891910985,0.53
53,0.591089720946662,0.39906393500529846,0.0007506181561285765,0.009095725891910985,0.54
54,0.5758124337689863,0.4143412221829742,0.0006623101377605087,0.009184033910279053,0.55
55,0.5464941716707877,0.44365948428117274,0.0006623101377605087,0.009184033910279053,0.56
56,0.5315701165665843,0.4585835393853762,0.0006623101377605087,0.009184033910279053,0.57
57,0.49757152949487815,0.4925821264570823,0.0005740021193924408,0.009272341928647121,0.58
58,0.4654715648180855,0.524682091133875,0.0004415400918403391,0.009404803956199224,0.59
59,0.4516072059342988,0.5385464500176615,0.0004415400918403391,0.009404803956199224,0.6
60,0.4206552454962911,0.5694984104556694,0.0003090780642882374,0.009537265983751325,0.61
61,0.3895708230307312,0.6005828329212293,0.0003090780642882374,0.009537265983751325,0.62
62,0.37235075944895796,0.6178028965030025,0.0003090780642882374,0.009537265983751325,0.63
63,0.3429441893323914,0.647209466619569,0.00022077004592016954,0.009625574002119393,0.64
64,0.32572412575061815,0.6644295302013423,0.00022077004592016954,0.009625574002119393,0.65
65,0.2963175556340516,0.6938361003179089,0.00022077004592016954,0.009625574002119393,0.66
66,0.2696485340868951,0.7205051218650653,0.00022077004592016954,0.009625574002119393,0.67
67,0.25445955492758743,0.735694101024373,0.00022077004592016954,0.009625574002119393,0.68
68,0.22739314729777463,0.7627605086541858,8.830801836806782e-05,0.009758036029671494,0.69
69,0.20204874602613918,0.7881049099258213,8.830801836806782e-05,0.009758036029671494,0.7
70,0.1907453196750265,0.799408336276934,8.830801836806782e-05,0.009758036029671494,0.71
71,0.16610738255033558,0.8240462734016248,0.0,0.009846344048039562,0.72
72,0.1561285764747439,0.8340250794772165,0.0,0.009846344048039562,0.73
73,0.1344931119745673,0.8556605439773931,0.0,0.009846344048039562,0.74
74,0.11444719180501589,0.8757064641469445,0.0,0.009846344048039562,0.75
75,0.10596962204168138,0.884184033910279,0.0,0.009846344048039562,0.76
76,0.08954433062522077,0.9006093253267397,0.0,0.009846344048039562,0.77
77,0.07417873542917697,0.9159749205227835,0.0,0.009846344048039562,0.78
78,0.06773225008830802,0.9224214058636524,0.0,0.009846344048039562,0.79
79,0.056605439773931475,0.933548216178029,0.0,0.009846344048039562,0.8
80,0.044772165312610385,0.9453814906393501,0.0,0.009846344048039562,0.81
81,0.040003532320734725,0.9501501236312258,0.0,0.009846344048039562,0.82
82,0.03161427057576828,0.9585393853761922,0.0,0.009846344048039562,0.83
83,0.028170257859413635,0.9619833980925468,0.0,0.009846344048039562,0.84
84,0.020045920169551396,0.970107735782409,0.0,0.009846344048039562,0.85
85,0.014659131049099258,0.9754945249028611,0.0,0.009846344048039562,0.86
86,0.01298127870010597,0.9771723772518545,0.0,0.009846344048039562,0.87
87,0.009448957965383257,0.9807046979865772,0.0,0.009846344048039562,0.88
88,0.006711409395973154,0.9834422465559873,0.0,0.009846344048039562,0.89
89,0.005563405157188272,0.9845902507947721,0.0,0.009846344048039562,0.9
90,0.0037089367714588485,0.9864447191805016,0.0,0.009846344048039562,0.91
91,0.0030907806428823736,0.9870628753090781,0.0,0.009846344048039562,0.92
92,0.0018544683857294243,0.988299187566231,0.0,0.009846344048039562,0.93
93,0.0012363122571529496,0.9889173436948074,0.0,0.009846344048039562,0.94
94,0.0007947721653126104,0.9893588837866478,0.0,0.009846344048039562,0.95
95,0.0005298481102084069,0.9896238078417521,0.0,0.009846344048039562,0.96
96,0.00017661603673613564,0.9899770399152243,0.0,0.009846344048039562,0.97
97,0.00017661603673613564,0.9899770399152243,0.0,0.009846344048039562,0.98
98,8.830801836806782e-05,0.9900653479335924,0.0,0.009846344048039562,0.99
99,0.0,0.9901536559519605,0.0,0.009846344048039562,1.0
