,tn,fp,fn,tp,percentage
0,0.00036036036036036037,0.0,0.9726126126126126,0.02702702702702703,0.01
1,0.00036036036036036037,0.0,0.9726126126126126,0.02702702702702703,0.02
2,0.0007207207207207207,0.0,0.9722522522522522,0.02702702702702703,0.03
3,0.001081081081081081,0.0,0.9718918918918918,0.02702702702702703,0.04
4,0.0014414414414414415,0.0,0.9715315315315315,0.02702702702702703,0.05
5,0.0014414414414414415,0.0,0.9715315315315315,0.02702702702702703,0.06
6,0.0018018018018018018,0.0,0.9711711711711711,0.02702702702702703,0.07
7,0.002882882882882883,0.0,0.9700900900900901,0.02702702702702703,0.08
8,0.0036036036036036037,0.0,0.9693693693693693,0.02702702702702703,0.09
9,0.005045045045045045,0.0,0.9679279279279279,0.02702702702702703,0.1
10,0.005765765765765766,0.0,0.9672072072072072,0.02702702702702703,0.11
11,0.007927927927927928,0.0,0.9650450450450451,0.02702702702702703,0.12
12,0.010810810810810811,0.0,0.9621621621621622,0.02702702702702703,0.13
13,0.015495495495495495,0.0,0.9574774774774775,0.02702702702702703,0.14
14,0.021261261261261263,0.0,0.9517117117117118,0.02702702702702703,0.15
15,0.041801801801801805,0.0,0.9311711711711712,0.02702702702702703,0.16
16,0.05189189189189189,0.0,0.9210810810810811,0.02702702702702703,0.17
17,0.0627027027027027,0.0,0.9102702702702703,0.02702702702702703,0.18
18,0.07387387387387387,0.0,0.8990990990990991,0.02702702702702703,0.19
19,0.08900900900900902,0.0,0.8839639639639639,0.02702702702702703,0.2
20,0.10594594594594595,0.0,0.867027027027027,0.02702702702702703,0.21
21,0.1272072072072072,0.0,0.8457657657657658,0.02702702702702703,0.22
22,0.14774774774774774,0.0,0.8252252252252252,0.02702702702702703,0.23
23,0.20144144144144144,0.0,0.7715315315315315,0.02702702702702703,0.24
24,0.23027027027027028,0.0,0.7427027027027027,0.02702702702702703,0.25
25,0.2663063063063063,0.0,0.7066666666666667,0.02702702702702703,0.26
26,0.29621621621621624,0.0,0.6767567567567567,0.02702702702702703,0.27
27,0.32900900900900903,0.0,0.6439639639639639,0.02702702702702703,0.28
28,0.3643243243243243,0.0,0.6086486486486486,0.02702702702702703,0.29
29,0.4025225225225225,0.0,0.5704504504504504,0.02702702702702703,0.3
30,0.4753153153153153,0.0,0.4976576576576577,0.02702702702702703,0.31
31,0.5099099099099099,0.0,0.46306306306306305,0.02702702702702703,0.32
32,0.5506306306306307,0.0,0.42234234234234236,0.02702702702702703,0.33
33,0.5845045045045045,0.0,0.38846846846846844,0.02702702702702703,0.34
34,0.6212612612612612,0.0,0.3517117117117117,0.02702702702702703,0.35
35,0.6482882882882883,0.0,0.3246846846846847,0.02702702702702703,0.36
36,0.6818018018018018,0.0,0.2911711711711712,0.02702702702702703,0.37
37,0.7066666666666667,0.00036036036036036037,0.2663063063063063,0.02666666666666667,0.38
38,0.7571171171171172,0.00036036036036036037,0.21585585585585584,0.02666666666666667,0.39
39,0.7823423423423423,0.00036036036036036037,0.19063063063063063,0.02666666666666667,0.4
40,0.8036036036036036,0.00036036036036036037,0.16936936936936936,0.02666666666666667,0.41
41,0.8172972972972973,0.0007207207207207207,0.15567567567567567,0.026306306306306305,0.42
42,0.8345945945945946,0.0007207207207207207,0.13837837837837838,0.026306306306306305,0.43
43,0.8540540540540541,0.0007207207207207207,0.11891891891891893,0.026306306306306305,0.44
44,0.8695495495495495,0.0007207207207207207,0.10342342342342342,0.026306306306306305,0.45
45,0.8828828828828829,0.0007207207207207207,0.09009009009009009,0.026306306306306305,0.46
46,0.9027027027027027,0.0007207207207207207,0.07027027027027027,0.026306306306306305,0.47
47,0.9113513513513514,0.0007207207207207207,0.061621621621621624,0.026306306306306305,0.48
48,0.9207207207207208,0.0007207207207207207,0.05225225225225225,0.026306306306306305,0.49
49,0.9286486486486486,0.0014414414414414415,0.04432432432432432,0.025585585585585584,0.5
50,0.9347747747747748,0.0014414414414414415,0.0381981981981982,0.025585585585585584,0.51
51,0.9398198198198198,0.0014414414414414415,0.033153153153153155,0.025585585585585584,0.52
52,0.9445045045045045,0.0014414414414414415,0.02846846846846847,0.025585585585585584,0.53
53,0.9531531531531532,0.002882882882882883,0.01981981981981982,0.024144144144144144,0.54
54,0.9556756756756757,0.0036036036036036037,0.017297297297297298,0.023423423423423424,0.55
55,0.96,0.0036036036036036037,0.012972972972972972,0.023423423423423424,0.56
56,0.9628828828828829,0.004324324324324324,0.01009009009009009,0.022702702702702703,0.57
57,0.9643243243243244,0.004324324324324324,0.008648648648648649,0.022702702702702703,0.58
58,0.9654054054054054,0.0046846846846846845,0.0075675675675675675,0.022342342342342343,0.59
59,0.9668468468468469,0.0046846846846846845,0.006126126126126126,0.022342342342342343,0.6
60,0.9682882882882883,0.005405405405405406,0.0046846846846846845,0.021621621621621623,0.61
61,0.9704504504504504,0.006846846846846847,0.0025225225225225223,0.02018018018018018,0.62
62,0.9715315315315315,0.006846846846846847,0.0014414414414414415,0.02018018018018018,0.63
63,0.9722522522522522,0.007207207207207207,0.0007207207207207207,0.01981981981981982,0.64
64,0.9722522522522522,0.0075675675675675675,0.0007207207207207207,0.01945945945945946,0.65
65,0.9722522522522522,0.008288288288288289,0.0007207207207207207,0.018738738738738738,0.66
66,0.9726126126126126,0.008648648648648649,0.00036036036036036037,0.018378378378378378,0.67
67,0.9726126126126126,0.00972972972972973,0.00036036036036036037,0.017297297297297298,0.68
68,0.9726126126126126,0.010450450450450451,0.00036036036036036037,0.016576576576576577,0.69
69,0.9726126126126126,0.010810810810810811,0.00036036036036036037,0.016216216216216217,0.7
70,0.9726126126126126,0.011171171171171172,0.00036036036036036037,0.015855855855855857,0.71
71,0.9726126126126126,0.011531531531531532,0.00036036036036036037,0.015495495495495495,0.72
72,0.9726126126126126,0.012972972972972972,0.00036036036036036037,0.014054054054054054,0.73
73,0.972972972972973,0.014414414414414415,0.0,0.012612612612612612,0.74
74,0.972972972972973,0.014774774774774775,0.0,0.012252252252252252,0.75
75,0.972972972972973,0.015495495495495495,0.0,0.011531531531531532,0.76
76,0.972972972972973,0.016936936936936937,0.0,0.01009009009009009,0.77
77,0.972972972972973,0.018738738738738738,0.0,0.008288288288288289,0.78
78,0.972972972972973,0.018738738738738738,0.0,0.008288288288288289,0.79
79,0.972972972972973,0.01981981981981982,0.0,0.007207207207207207,0.8
80,0.972972972972973,0.02054054054054054,0.0,0.006486486486486486,0.81
81,0.972972972972973,0.021261261261261263,0.0,0.005765765765765766,0.82
82,0.972972972972973,0.021981981981981983,0.0,0.005045045045045045,0.83
83,0.972972972972973,0.021981981981981983,0.0,0.005045045045045045,0.84
84,0.972972972972973,0.022342342342342343,0.0,0.0046846846846846845,0.85
85,0.972972972972973,0.023063063063063063,0.0,0.003963963963963964,0.86
86,0.972972972972973,0.023423423423423424,0.0,0.0036036036036036037,0.87
87,0.972972972972973,0.024144144144144144,0.0,0.002882882882882883,0.88
88,0.972972972972973,0.024504504504504504,0.0,0.0025225225225225223,0.89
89,0.972972972972973,0.024504504504504504,0.0,0.0025225225225225223,0.9
90,0.972972972972973,0.025585585585585584,0.0,0.0014414414414414415,0.91
91,0.972972972972973,0.025945945945945945,0.0,0.001081081081081081,0.92
92,0.972972972972973,0.025945945945945945,0.0,0.001081081081081081,0.93
93,0.972972972972973,0.025945945945945945,0.0,0.001081081081081081,0.94
94,0.972972972972973,0.025945945945945945,0.0,0.001081081081081081,0.95
95,0.972972972972973,0.025945945945945945,0.0,0.001081081081081081,0.96
96,0.972972972972973,0.025945945945945945,0.0,0.001081081081081081,0.97
97,0.972972972972973,0.025945945945945945,0.0,0.001081081081081081,0.98
98,0.972972972972973,0.02666666666666667,0.0,0.00036036036036036037,0.99
99,0.972972972972973,0.02666666666666667,0.0,0.00036036036036036037,1.0
