,tn,fp,fn,tp,percentage
0,0.00036036036036036037,0.0,0.9726126126126126,0.02702702702702703,0.01
1,0.00036036036036036037,0.0,0.9726126126126126,0.02702702702702703,0.02
2,0.00036036036036036037,0.0,0.9726126126126126,0.02702702702702703,0.03
3,0.0007207207207207207,0.0,0.9722522522522522,0.02702702702702703,0.04
4,0.0007207207207207207,0.0,0.9722522522522522,0.02702702702702703,0.05
5,0.0018018018018018018,0.0,0.9711711711711711,0.02702702702702703,0.06
6,0.002882882882882883,0.0,0.9700900900900901,0.02702702702702703,0.07
7,0.005405405405405406,0.0,0.9675675675675676,0.02702702702702703,0.08
8,0.007207207207207207,0.0,0.9657657657657658,0.02702702702702703,0.09
9,0.009009009009009009,0.0,0.963963963963964,0.02702702702702703,0.1
10,0.011891891891891892,0.0,0.961081081081081,0.02702702702702703,0.11
11,0.014774774774774775,0.0,0.9581981981981982,0.02702702702702703,0.12
12,0.01945945945945946,0.0,0.9535135135135135,0.02702702702702703,0.13
13,0.020900900900900903,0.0,0.9520720720720721,0.02702702702702703,0.14
14,0.02810810810810811,0.0,0.9448648648648649,0.02702702702702703,0.15
15,0.03135135135135135,0.0,0.9416216216216217,0.02702702702702703,0.16
16,0.03855855855855856,0.0,0.9344144144144144,0.02702702702702703,0.17
17,0.0554954954954955,0.0,0.9174774774774774,0.02702702702702703,0.18
18,0.05945945945945946,0.0,0.9135135135135135,0.02702702702702703,0.19
19,0.06954954954954955,0.0,0.9034234234234234,0.02702702702702703,0.2
20,0.07423423423423424,0.0,0.8987387387387388,0.02702702702702703,0.21
21,0.0918918918918919,0.0,0.8810810810810811,0.02702702702702703,0.22
22,0.10342342342342342,0.0,0.8695495495495495,0.02702702702702703,0.23
23,0.12216216216216216,0.0,0.8508108108108108,0.02702702702702703,0.24
24,0.1463063063063063,0.0,0.8266666666666667,0.02702702702702703,0.25
25,0.1592792792792793,0.0,0.8136936936936937,0.02702702702702703,0.26
26,0.18234234234234234,0.0,0.7906306306306307,0.02702702702702703,0.27
27,0.19423423423423422,0.0,0.7787387387387388,0.02702702702702703,0.28
28,0.2227027027027027,0.0,0.7502702702702703,0.02702702702702703,0.29
29,0.2381981981981982,0.0,0.7347747747747748,0.02702702702702703,0.3
30,0.26666666666666666,0.0,0.7063063063063063,0.02702702702702703,0.31
31,0.28072072072072074,0.0,0.6922522522522523,0.02702702702702703,0.32
32,0.31207207207207205,0.0,0.6609009009009009,0.02702702702702703,0.33
33,0.34486486486486484,0.0,0.6281081081081081,0.02702702702702703,0.34
34,0.3592792792792793,0.0,0.6136936936936936,0.02702702702702703,0.35
35,0.39963963963963967,0.0,0.5733333333333334,0.02702702702702703,0.36
36,0.41405405405405404,0.0,0.5589189189189189,0.02702702702702703,0.37
37,0.45045045045045046,0.0,0.5225225225225225,0.02702702702702703,0.38
38,0.46774774774774774,0.0,0.5052252252252252,0.02702702702702703,0.39
39,0.503063063063063,0.0,0.4699099099099099,0.02702702702702703,0.4
40,0.5207207207207207,0.00036036036036036037,0.45225225225225224,0.02666666666666667,0.41
41,0.5538738738738739,0.0007207207207207207,0.4190990990990991,0.026306306306306305,0.42
42,0.5899099099099099,0.0007207207207207207,0.38306306306306304,0.026306306306306305,0.43
43,0.6129729729729729,0.0007207207207207207,0.36,0.026306306306306305,0.44
44,0.6500900900900901,0.0007207207207207207,0.32288288288288286,0.026306306306306305,0.45
45,0.6630630630630631,0.0007207207207207207,0.3099099099099099,0.026306306306306305,0.46
46,0.6911711711711712,0.0007207207207207207,0.2818018018018018,0.026306306306306305,0.47
47,0.7073873873873874,0.0007207207207207207,0.2655855855855856,0.026306306306306305,0.48
48,0.7326126126126126,0.001081081081081081,0.24036036036036035,0.025945945945945945,0.49
49,0.7545945945945945,0.001081081081081081,0.21837837837837837,0.025945945945945945,0.5
50,0.7661261261261261,0.001081081081081081,0.20684684684684684,0.025945945945945945,0.51
51,0.7888288288288289,0.001081081081081081,0.18414414414414415,0.025945945945945945,0.52
52,0.8,0.001081081081081081,0.17297297297297298,0.025945945945945945,0.53
53,0.8230630630630631,0.001081081081081081,0.1499099099099099,0.025945945945945945,0.54
54,0.8338738738738739,0.0014414414414414415,0.1390990990990991,0.025585585585585584,0.55
55,0.8536936936936937,0.0014414414414414415,0.11927927927927928,0.025585585585585584,0.56
56,0.8605405405405405,0.0018018018018018018,0.11243243243243244,0.025225225225225224,0.57
57,0.8738738738738738,0.0018018018018018018,0.0990990990990991,0.025225225225225224,0.58
58,0.889009009009009,0.0018018018018018018,0.08396396396396397,0.025225225225225224,0.59
59,0.8936936936936937,0.002162162162162162,0.07927927927927927,0.024864864864864864,0.6
60,0.9059459459459459,0.002162162162162162,0.06702702702702702,0.024864864864864864,0.61
61,0.9106306306306307,0.002162162162162162,0.062342342342342344,0.024864864864864864,0.62
62,0.9203603603603604,0.0025225225225225223,0.05261261261261261,0.024504504504504504,0.63
63,0.925045045045045,0.0025225225225225223,0.04792792792792793,0.024504504504504504,0.64
64,0.9333333333333333,0.0025225225225225223,0.03963963963963964,0.024504504504504504,0.65
65,0.9365765765765766,0.0025225225225225223,0.0363963963963964,0.024504504504504504,0.66
66,0.9427027027027027,0.002882882882882883,0.03027027027027027,0.024144144144144144,0.67
67,0.9491891891891892,0.003963963963963964,0.023783783783783784,0.023063063063063063,0.68
68,0.9535135135135135,0.005045045045045045,0.01945945945945946,0.021981981981981983,0.69
69,0.9567567567567568,0.005765765765765766,0.016216216216216217,0.021261261261261263,0.7
70,0.9581981981981982,0.005765765765765766,0.014774774774774775,0.021261261261261263,0.71
71,0.9603603603603603,0.006126126126126126,0.012612612612612612,0.020900900900900903,0.72
72,0.9621621621621622,0.006486486486486486,0.010810810810810811,0.02054054054054054,0.73
73,0.9650450450450451,0.006846846846846847,0.007927927927927928,0.02018018018018018,0.74
74,0.9657657657657658,0.006846846846846847,0.007207207207207207,0.02018018018018018,0.75
75,0.9672072072072072,0.00972972972972973,0.005765765765765766,0.017297297297297298,0.76
76,0.9693693693693693,0.010450450450450451,0.0036036036036036037,0.016576576576576577,0.77
77,0.9700900900900901,0.012252252252252252,0.002882882882882883,0.014774774774774775,0.78
78,0.9708108108108108,0.012612612612612612,0.002162162162162162,0.014414414414414415,0.79
79,0.9711711711711711,0.012972972972972972,0.0018018018018018018,0.014054054054054054,0.8
80,0.9715315315315315,0.013333333333333334,0.0014414414414414415,0.013693693693693694,0.81
81,0.9722522522522522,0.013693693693693694,0.0007207207207207207,0.013333333333333334,0.82
82,0.9722522522522522,0.014414414414414415,0.0007207207207207207,0.012612612612612612,0.83
83,0.9726126126126126,0.015495495495495495,0.00036036036036036037,0.011531531531531532,0.84
84,0.9726126126126126,0.016936936936936937,0.00036036036036036037,0.01009009009009009,0.85
85,0.972972972972973,0.018738738738738738,0.0,0.008288288288288289,0.86
86,0.972972972972973,0.01945945945945946,0.0,0.0075675675675675675,0.87
87,0.972972972972973,0.020900900900900903,0.0,0.006126126126126126,0.88
88,0.972972972972973,0.021261261261261263,0.0,0.005765765765765766,0.89
89,0.972972972972973,0.021981981981981983,0.0,0.005045045045045045,0.9
90,0.972972972972973,0.021981981981981983,0.0,0.005045045045045045,0.91
91,0.972972972972973,0.022702702702702703,0.0,0.004324324324324324,0.92
92,0.972972972972973,0.024144144144144144,0.0,0.002882882882882883,0.93
93,0.972972972972973,0.024144144144144144,0.0,0.002882882882882883,0.94
94,0.972972972972973,0.024864864864864864,0.0,0.002162162162162162,0.95
95,0.972972972972973,0.025225225225225224,0.0,0.0018018018018018018,0.96
96,0.972972972972973,0.025585585585585584,0.0,0.0014414414414414415,0.97
97,0.972972972972973,0.025945945945945945,0.0,0.001081081081081081,0.98
98,0.972972972972973,0.02666666666666667,0.0,0.00036036036036036037,0.99
99,0.972972972972973,0.02702702702702703,0.0,0.0,1.0
