,tn,fp,fn,tp,percentage
0,0.00036036036036036037,0.0,0.9726126126126126,0.02702702702702703,0.01
1,0.0007207207207207207,0.0,0.9722522522522522,0.02702702702702703,0.02
2,0.001081081081081081,0.0,0.9718918918918918,0.02702702702702703,0.03
3,0.001081081081081081,0.0,0.9718918918918918,0.02702702702702703,0.04
4,0.002162162162162162,0.0,0.9708108108108108,0.02702702702702703,0.05
5,0.0025225225225225223,0.0,0.9704504504504504,0.02702702702702703,0.06
6,0.004324324324324324,0.0,0.9686486486486486,0.02702702702702703,0.07
7,0.007207207207207207,0.0,0.9657657657657658,0.02702702702702703,0.08
8,0.01009009009009009,0.0,0.9628828828828829,0.02702702702702703,0.09
9,0.011531531531531532,0.0,0.9614414414414414,0.02702702702702703,0.1
10,0.013333333333333334,0.0,0.9596396396396396,0.02702702702702703,0.11
11,0.015495495495495495,0.0,0.9574774774774775,0.02702702702702703,0.12
12,0.018018018018018018,0.0,0.954954954954955,0.02702702702702703,0.13
13,0.024864864864864864,0.0,0.9481081081081081,0.02702702702702703,0.14
14,0.03063063063063063,0.0,0.9423423423423424,0.02702702702702703,0.15
15,0.037477477477477476,0.0,0.9354954954954955,0.02702702702702703,0.16
16,0.044684684684684686,0.0,0.9282882882882882,0.02702702702702703,0.17
17,0.04936936936936937,0.0,0.9236036036036036,0.02702702702702703,0.18
18,0.05621621621621622,0.0,0.9167567567567567,0.02702702702702703,0.19
19,0.0681081081081081,0.0,0.9048648648648648,0.02702702702702703,0.2
20,0.07855855855855856,0.0,0.8944144144144144,0.02702702702702703,0.21
21,0.08684684684684685,0.0,0.8861261261261262,0.02702702702702703,0.22
22,0.09837837837837837,0.0,0.8745945945945945,0.02702702702702703,0.23
23,0.10270270270270271,0.0,0.8702702702702703,0.02702702702702703,0.24
24,0.11459459459459459,0.0,0.8583783783783784,0.02702702702702703,0.25
25,0.1264864864864865,0.0,0.8464864864864865,0.02702702702702703,0.26
26,0.14162162162162162,0.0,0.8313513513513513,0.02702702702702703,0.27
27,0.15495495495495495,0.0,0.818018018018018,0.02702702702702703,0.28
28,0.16756756756756758,0.0,0.8054054054054054,0.02702702702702703,0.29
29,0.1744144144144144,0.0,0.7985585585585585,0.02702702702702703,0.3
30,0.19027027027027027,0.0,0.7827027027027027,0.02702702702702703,0.31
31,0.21009009009009008,0.0,0.7628828828828829,0.02702702702702703,0.32
32,0.2263063063063063,0.0,0.7466666666666667,0.02702702702702703,0.33
33,0.2464864864864865,0.0,0.7264864864864865,0.02702702702702703,0.34
34,0.2663063063063063,0.0,0.7066666666666667,0.02702702702702703,0.35
35,0.27531531531531533,0.0,0.6976576576576576,0.02702702702702703,0.36
36,0.29585585585585583,0.0,0.6771171171171171,0.02702702702702703,0.37
37,0.31351351351351353,0.0,0.6594594594594595,0.02702702702702703,0.38
38,0.3365765765765766,0.0,0.6363963963963964,0.02702702702702703,0.39
39,0.3545945945945946,0.0,0.6183783783783784,0.02702702702702703,0.4
40,0.37045045045045044,0.0,0.6025225225225225,0.02702702702702703,0.41
41,0.3823423423423423,0.0,0.5906306306306306,0.02702702702702703,0.42
42,0.3978378378378378,0.00036036036036036037,0.5751351351351351,0.02666666666666667,0.43
43,0.418018018018018,0.00036036036036036037,0.554954954954955,0.02666666666666667,0.44
44,0.4381981981981982,0.00036036036036036037,0.5347747747747748,0.02666666666666667,0.45
45,0.4648648648648649,0.0007207207207207207,0.5081081081081081,0.026306306306306305,0.46
46,0.4900900900900901,0.0007207207207207207,0.4828828828828829,0.026306306306306305,0.47
47,0.5037837837837837,0.0007207207207207207,0.46918918918918917,0.026306306306306305,0.48
48,0.5254054054054054,0.0007207207207207207,0.44756756756756755,0.026306306306306305,0.49
49,0.5484684684684684,0.0007207207207207207,0.4245045045045045,0.026306306306306305,0.5
50,0.569009009009009,0.0007207207207207207,0.40396396396396395,0.026306306306306305,0.51
51,0.5942342342342343,0.0007207207207207207,0.37873873873873876,0.026306306306306305,0.52
52,0.6028828828828828,0.0007207207207207207,0.3700900900900901,0.026306306306306305,0.53
53,0.6241441441441441,0.001081081081081081,0.3488288288288288,0.025945945945945945,0.54
54,0.6468468468468469,0.0014414414414414415,0.3261261261261261,0.025585585585585584,0.55
55,0.6673873873873873,0.0014414414414414415,0.3055855855855856,0.025585585585585584,0.56
56,0.692972972972973,0.0018018018018018018,0.28,0.025225225225225224,0.57
57,0.7142342342342343,0.0018018018018018018,0.25873873873873876,0.025225225225225224,0.58
58,0.7254054054054054,0.0018018018018018018,0.24756756756756756,0.025225225225225224,0.59
59,0.7401801801801802,0.0018018018018018018,0.2327927927927928,0.025225225225225224,0.6
60,0.7527927927927928,0.0025225225225225223,0.22018018018018018,0.024504504504504504,0.61
61,0.7664864864864865,0.0025225225225225223,0.2064864864864865,0.024504504504504504,0.62
62,0.7765765765765765,0.0036036036036036037,0.1963963963963964,0.023423423423423424,0.63
63,0.7906306306306307,0.004324324324324324,0.18234234234234234,0.022702702702702703,0.64
64,0.8,0.004324324324324324,0.17297297297297298,0.022702702702702703,0.65
65,0.812972972972973,0.005045045045045045,0.16,0.021981981981981983,0.66
66,0.8245045045045045,0.005045045045045045,0.14846846846846848,0.021981981981981983,0.67
67,0.8363963963963964,0.005045045045045045,0.13657657657657657,0.021981981981981983,0.68
68,0.8475675675675676,0.006486486486486486,0.1254054054054054,0.02054054054054054,0.69
69,0.8637837837837837,0.006846846846846847,0.10918918918918918,0.02018018018018018,0.7
70,0.8688288288288288,0.007927927927927928,0.10414414414414415,0.0190990990990991,0.71
71,0.8774774774774775,0.008288288288288289,0.09549549549549549,0.018738738738738738,0.72
72,0.8839639639639639,0.008648648648648649,0.08900900900900902,0.018378378378378378,0.73
73,0.8965765765765765,0.009009009009009009,0.0763963963963964,0.018018018018018018,0.74
74,0.907027027027027,0.01009009009009009,0.06594594594594595,0.016936936936936937,0.75
75,0.9178378378378378,0.010450450450450451,0.055135135135135134,0.016576576576576577,0.76
76,0.9221621621621622,0.010450450450450451,0.05081081081081081,0.016576576576576577,0.77
77,0.9282882882882882,0.011531531531531532,0.044684684684684686,0.015495495495495495,0.78
78,0.932972972972973,0.011531531531531532,0.04,0.015495495495495495,0.79
79,0.940900900900901,0.013333333333333334,0.03207207207207207,0.013693693693693694,0.8
80,0.9463063063063063,0.013333333333333334,0.02666666666666667,0.013693693693693694,0.81
81,0.9506306306306306,0.014414414414414415,0.022342342342342343,0.012612612612612612,0.82
82,0.9527927927927928,0.014414414414414415,0.02018018018018018,0.012612612612612612,0.83
83,0.9567567567567568,0.015135135135135135,0.016216216216216217,0.011891891891891892,0.84
84,0.96,0.015495495495495495,0.012972972972972972,0.011531531531531532,0.85
85,0.9621621621621622,0.015495495495495495,0.010810810810810811,0.011531531531531532,0.86
86,0.9646846846846847,0.015855855855855857,0.008288288288288289,0.011171171171171172,0.87
87,0.9650450450450451,0.016936936936936937,0.007927927927927928,0.01009009009009009,0.88
88,0.9664864864864865,0.017657657657657658,0.006486486486486486,0.009369369369369369,0.89
89,0.9679279279279279,0.018378378378378378,0.005045045045045045,0.008648648648648649,0.9
90,0.969009009009009,0.0190990990990991,0.003963963963963964,0.007927927927927928,0.91
91,0.9704504504504504,0.02054054054054054,0.0025225225225225223,0.006486486486486486,0.92
92,0.9704504504504504,0.021981981981981983,0.0025225225225225223,0.005045045045045045,0.93
93,0.9715315315315315,0.023063063063063063,0.0014414414414414415,0.003963963963963964,0.94
94,0.9722522522522522,0.023783783783783784,0.0007207207207207207,0.003243243243243243,0.95
95,0.9722522522522522,0.024504504504504504,0.0007207207207207207,0.0025225225225225223,0.96
96,0.9726126126126126,0.025585585585585584,0.00036036036036036037,0.0014414414414414415,0.97
97,0.972972972972973,0.025945945945945945,0.0,0.001081081081081081,0.98
98,0.972972972972973,0.026306306306306305,0.0,0.0007207207207207207,0.99
99,0.972972972972973,0.02666666666666667,0.0,0.00036036036036036037,1.0
