,tn,fp,fn,tp,percentage
0,0.00036036036036036037,0.0,0.9726126126126126,0.02702702702702703,0.01
1,0.00036036036036036037,0.0,0.9726126126126126,0.02702702702702703,0.02
2,0.0007207207207207207,0.0,0.9722522522522522,0.02702702702702703,0.03
3,0.001081081081081081,0.0,0.9718918918918918,0.02702702702702703,0.04
4,0.0014414414414414415,0.0,0.9715315315315315,0.02702702702702703,0.05
5,0.0018018018018018018,0.0,0.9711711711711711,0.02702702702702703,0.06
6,0.002162162162162162,0.0,0.9708108108108108,0.02702702702702703,0.07
7,0.0046846846846846845,0.0,0.9682882882882883,0.02702702702702703,0.08
8,0.008288288288288289,0.0,0.9646846846846847,0.02702702702702703,0.09
9,0.012612612612612612,0.0,0.9603603603603603,0.02702702702702703,0.1
10,0.017657657657657658,0.0,0.9553153153153153,0.02702702702702703,0.11
11,0.023783783783783784,0.0,0.9491891891891892,0.02702702702702703,0.12
12,0.036036036036036036,0.0,0.9369369369369369,0.02702702702702703,0.13
13,0.05081081081081081,0.0,0.9221621621621622,0.02702702702702703,0.14
14,0.0699099099099099,0.0,0.903063063063063,0.02702702702702703,0.15
15,0.08936936936936937,0.0,0.8836036036036036,0.02702702702702703,0.16
16,0.08936936936936937,0.0,0.8836036036036036,0.02702702702702703,0.17
17,0.11315315315315315,0.0,0.8598198198198198,0.02702702702702703,0.18
18,0.14234234234234233,0.0,0.8306306306306306,0.02702702702702703,0.19
19,0.17945945945945946,0.0,0.7935135135135135,0.02702702702702703,0.2
20,0.21477477477477477,0.0,0.7581981981981982,0.02702702702702703,0.21
21,0.2562162162162162,0.0,0.7167567567567568,0.02702702702702703,0.22
22,0.3117117117117117,0.0,0.6612612612612613,0.02702702702702703,0.23
23,0.3581981981981982,0.0,0.6147747747747748,0.02702702702702703,0.24
24,0.4079279279279279,0.0,0.565045045045045,0.02702702702702703,0.25
25,0.45513513513513515,0.0,0.5178378378378379,0.02702702702702703,0.26
26,0.510990990990991,0.0,0.461981981981982,0.02702702702702703,0.27
27,0.5553153153153153,0.0,0.41765765765765767,0.02702702702702703,0.28
28,0.5978378378378378,0.0,0.37513513513513513,0.02702702702702703,0.29
29,0.6410810810810811,0.00036036036036036037,0.3318918918918919,0.02666666666666667,0.3
30,0.6814414414414415,0.00036036036036036037,0.29153153153153155,0.02666666666666667,0.31
31,0.7185585585585585,0.00036036036036036037,0.2544144144144144,0.02666666666666667,0.32
32,0.7556756756756757,0.00036036036036036037,0.2172972972972973,0.02666666666666667,0.33
33,0.7556756756756757,0.00036036036036036037,0.2172972972972973,0.02666666666666667,0.34
34,0.7855855855855856,0.00036036036036036037,0.1873873873873874,0.02666666666666667,0.35
35,0.8104504504504505,0.00036036036036036037,0.16252252252252253,0.02666666666666667,0.36
36,0.8331531531531532,0.0007207207207207207,0.1398198198198198,0.026306306306306305,0.37
37,0.8572972972972973,0.001081081081081081,0.11567567567567567,0.025945945945945945,0.38
38,0.8749549549549549,0.001081081081081081,0.09801801801801802,0.025945945945945945,0.39
39,0.8944144144144144,0.001081081081081081,0.07855855855855856,0.025945945945945945,0.4
40,0.9091891891891892,0.001081081081081081,0.06378378378378378,0.025945945945945945,0.41
41,0.92,0.001081081081081081,0.05297297297297297,0.025945945945945945,0.42
42,0.9297297297297298,0.0014414414414414415,0.043243243243243246,0.025585585585585584,0.43
43,0.9387387387387387,0.0014414414414414415,0.03423423423423423,0.025585585585585584,0.44
44,0.9448648648648649,0.0018018018018018018,0.02810810810810811,0.025225225225225224,0.45
45,0.9491891891891892,0.002882882882882883,0.023783783783783784,0.024144144144144144,0.46
46,0.9535135135135135,0.0036036036036036037,0.01945945945945946,0.023423423423423424,0.47
47,0.9592792792792793,0.0046846846846846845,0.013693693693693694,0.022342342342342343,0.48
48,0.9607207207207207,0.005405405405405406,0.012252252252252252,0.021621621621621623,0.49
49,0.9607207207207207,0.005405405405405406,0.012252252252252252,0.021621621621621623,0.5
50,0.9643243243243244,0.005765765765765766,0.008648648648648649,0.021261261261261263,0.51
51,0.9661261261261261,0.005765765765765766,0.006846846846846847,0.021261261261261263,0.52
52,0.9675675675675676,0.006486486486486486,0.005405405405405406,0.02054054054054054,0.53
53,0.969009009009009,0.006846846846846847,0.003963963963963964,0.02018018018018018,0.54
54,0.9697297297297297,0.0075675675675675675,0.003243243243243243,0.01945945945945946,0.55
55,0.9700900900900901,0.0075675675675675675,0.002882882882882883,0.01945945945945946,0.56
56,0.9704504504504504,0.008288288288288289,0.0025225225225225223,0.018738738738738738,0.57
57,0.9711711711711711,0.008648648648648649,0.0018018018018018018,0.018378378378378378,0.58
58,0.9715315315315315,0.008648648648648649,0.0014414414414414415,0.018378378378378378,0.59
59,0.9718918918918918,0.009009009009009009,0.001081081081081081,0.018018018018018018,0.6
60,0.9718918918918918,0.010450450450450451,0.001081081081081081,0.016576576576576577,0.61
61,0.9718918918918918,0.010810810810810811,0.001081081081081081,0.016216216216216217,0.62
62,0.9722522522522522,0.010810810810810811,0.0007207207207207207,0.016216216216216217,0.63
63,0.9726126126126126,0.012252252252252252,0.00036036036036036037,0.014774774774774775,0.64
64,0.9726126126126126,0.013333333333333334,0.00036036036036036037,0.013693693693693694,0.65
65,0.9726126126126126,0.013333333333333334,0.00036036036036036037,0.013693693693693694,0.66
66,0.9726126126126126,0.013333333333333334,0.00036036036036036037,0.013693693693693694,0.67
67,0.972972972972973,0.014774774774774775,0.0,0.012252252252252252,0.68
68,0.972972972972973,0.015495495495495495,0.0,0.011531531531531532,0.69
69,0.972972972972973,0.016576576576576577,0.0,0.010450450450450451,0.7
70,0.972972972972973,0.018018018018018018,0.0,0.009009009009009009,0.71
71,0.972972972972973,0.0190990990990991,0.0,0.007927927927927928,0.72
72,0.972972972972973,0.01945945945945946,0.0,0.0075675675675675675,0.73
73,0.972972972972973,0.02018018018018018,0.0,0.006846846846846847,0.74
74,0.972972972972973,0.02054054054054054,0.0,0.006486486486486486,0.75
75,0.972972972972973,0.021981981981981983,0.0,0.005045045045045045,0.76
76,0.972972972972973,0.022342342342342343,0.0,0.0046846846846846845,0.77
77,0.972972972972973,0.022702702702702703,0.0,0.004324324324324324,0.78
78,0.972972972972973,0.023063063063063063,0.0,0.003963963963963964,0.79
79,0.972972972972973,0.023783783783783784,0.0,0.003243243243243243,0.8
80,0.972972972972973,0.023783783783783784,0.0,0.003243243243243243,0.81
81,0.972972972972973,0.023783783783783784,0.0,0.003243243243243243,0.82
82,0.972972972972973,0.023783783783783784,0.0,0.003243243243243243,0.83
83,0.972972972972973,0.023783783783783784,0.0,0.003243243243243243,0.84
84,0.972972972972973,0.024504504504504504,0.0,0.0025225225225225223,0.85
85,0.972972972972973,0.024864864864864864,0.0,0.002162162162162162,0.86
86,0.972972972972973,0.024864864864864864,0.0,0.002162162162162162,0.87
87,0.972972972972973,0.025225225225225224,0.0,0.0018018018018018018,0.88
88,0.972972972972973,0.025225225225225224,0.0,0.0018018018018018018,0.89
89,0.972972972972973,0.025225225225225224,0.0,0.0018018018018018018,0.9
90,0.972972972972973,0.025945945945945945,0.0,0.001081081081081081,0.91
91,0.972972972972973,0.025945945945945945,0.0,0.001081081081081081,0.92
92,0.972972972972973,0.026306306306306305,0.0,0.0007207207207207207,0.93
93,0.972972972972973,0.026306306306306305,0.0,0.0007207207207207207,0.94
94,0.972972972972973,0.026306306306306305,0.0,0.0007207207207207207,0.95
95,0.972972972972973,0.026306306306306305,0.0,0.0007207207207207207,0.96
96,0.972972972972973,0.026306306306306305,0.0,0.0007207207207207207,0.97
97,0.972972972972973,0.02666666666666667,0.0,0.00036036036036036037,0.98
98,0.972972972972973,0.02666666666666667,0.0,0.00036036036036036037,0.99
99,0.972972972972973,0.02666666666666667,0.0,0.00036036036036036037,1.0
