,tn,fp,fn,tp,percentage
0,0.00036036036036036037,0.0,0.9726126126126126,0.02702702702702703,0.01
1,0.0007207207207207207,0.0,0.9722522522522522,0.02702702702702703,0.02
2,0.0007207207207207207,0.0,0.9722522522522522,0.02702702702702703,0.03
3,0.0018018018018018018,0.0,0.9711711711711711,0.02702702702702703,0.04
4,0.0018018018018018018,0.0,0.9711711711711711,0.02702702702702703,0.05
5,0.0036036036036036037,0.0,0.9693693693693693,0.02702702702702703,0.06
6,0.006126126126126126,0.0,0.9668468468468469,0.02702702702702703,0.07
7,0.0075675675675675675,0.0,0.9654054054054054,0.02702702702702703,0.08
8,0.014414414414414415,0.0,0.9585585585585585,0.02702702702702703,0.09
9,0.014414414414414415,0.0,0.9585585585585585,0.02702702702702703,0.1
10,0.0190990990990991,0.0,0.9538738738738739,0.02702702702702703,0.11
11,0.03099099099099099,0.0,0.941981981981982,0.02702702702702703,0.12
12,0.04612612612612613,0.0,0.9268468468468468,0.02702702702702703,0.13
13,0.06702702702702702,0.0,0.9059459459459459,0.02702702702702703,0.14
14,0.08504504504504505,0.0,0.887927927927928,0.02702702702702703,0.15
15,0.11027027027027027,0.0,0.8627027027027027,0.02702702702702703,0.16
16,0.15027027027027026,0.0,0.8227027027027027,0.02702702702702703,0.17
17,0.1845045045045045,0.0,0.7884684684684685,0.02702702702702703,0.18
18,0.1845045045045045,0.0,0.7884684684684685,0.02702702702702703,0.19
19,0.22846846846846847,0.0,0.7445045045045044,0.02702702702702703,0.2
20,0.2828828828828829,0.0,0.69009009009009,0.02702702702702703,0.21
21,0.33765765765765765,0.0,0.6353153153153153,0.02702702702702703,0.22
22,0.39531531531531533,0.0,0.5776576576576576,0.02702702702702703,0.23
23,0.45045045045045046,0.0,0.5225225225225225,0.02702702702702703,0.24
24,0.5012612612612612,0.0,0.4717117117117117,0.02702702702702703,0.25
25,0.5542342342342342,0.0,0.41873873873873874,0.02702702702702703,0.26
26,0.6093693693693694,0.0,0.3636036036036036,0.02702702702702703,0.27
27,0.6093693693693694,0.0,0.3636036036036036,0.02702702702702703,0.28
28,0.6522522522522523,0.00036036036036036037,0.3207207207207207,0.02666666666666667,0.29
29,0.6915315315315316,0.00036036036036036037,0.28144144144144145,0.02666666666666667,0.3
30,0.7333333333333333,0.00036036036036036037,0.23963963963963963,0.02666666666666667,0.31
31,0.772972972972973,0.00036036036036036037,0.2,0.02666666666666667,0.32
32,0.8036036036036036,0.00036036036036036037,0.16936936936936936,0.02666666666666667,0.33
33,0.8306306306306306,0.0007207207207207207,0.14234234234234233,0.026306306306306305,0.34
34,0.8504504504504504,0.001081081081081081,0.12252252252252252,0.025945945945945945,0.35
35,0.8753153153153154,0.001081081081081081,0.09765765765765766,0.025945945945945945,0.36
36,0.8753153153153154,0.001081081081081081,0.09765765765765766,0.025945945945945945,0.37
37,0.8918918918918919,0.001081081081081081,0.08108108108108109,0.025945945945945945,0.38
38,0.9091891891891892,0.001081081081081081,0.06378378378378378,0.025945945945945945,0.39
39,0.9221621621621622,0.001081081081081081,0.05081081081081081,0.025945945945945945,0.4
40,0.9315315315315316,0.001081081081081081,0.04144144144144144,0.025945945945945945,0.41
41,0.940900900900901,0.0018018018018018018,0.03207207207207207,0.025225225225225224,0.42
42,0.9466666666666667,0.0018018018018018018,0.026306306306306305,0.025225225225225224,0.43
43,0.9517117117117118,0.0025225225225225223,0.021261261261261263,0.024504504504504504,0.44
44,0.956036036036036,0.004324324324324324,0.016936936936936937,0.022702702702702703,0.45
45,0.956036036036036,0.004324324324324324,0.016936936936936937,0.022702702702702703,0.46
46,0.961081081081081,0.005045045045045045,0.011891891891891892,0.021981981981981983,0.47
47,0.9646846846846847,0.005405405405405406,0.008288288288288289,0.021621621621621623,0.48
48,0.9668468468468469,0.005405405405405406,0.006126126126126126,0.021621621621621623,0.49
49,0.9679279279279279,0.006486486486486486,0.005045045045045045,0.02054054054054054,0.5
50,0.969009009009009,0.006846846846846847,0.003963963963963964,0.02018018018018018,0.51
51,0.9693693693693693,0.006846846846846847,0.0036036036036036037,0.02018018018018018,0.52
52,0.9700900900900901,0.0075675675675675675,0.002882882882882883,0.01945945945945946,0.53
53,0.9711711711711711,0.008288288288288289,0.0018018018018018018,0.018738738738738738,0.54
54,0.9711711711711711,0.008288288288288289,0.0018018018018018018,0.018738738738738738,0.55
55,0.9718918918918918,0.008648648648648649,0.001081081081081081,0.018378378378378378,0.56
56,0.9718918918918918,0.009369369369369369,0.001081081081081081,0.017657657657657658,0.57
57,0.9718918918918918,0.00972972972972973,0.001081081081081081,0.017297297297297298,0.58
58,0.9718918918918918,0.010450450450450451,0.001081081081081081,0.016576576576576577,0.59
59,0.9722522522522522,0.011531531531531532,0.0007207207207207207,0.015495495495495495,0.6
60,0.9726126126126126,0.011531531531531532,0.00036036036036036037,0.015495495495495495,0.61
61,0.9726126126126126,0.012252252252252252,0.00036036036036036037,0.014774774774774775,0.62
62,0.972972972972973,0.013333333333333334,0.0,0.013693693693693694,0.63
63,0.972972972972973,0.013333333333333334,0.0,0.013693693693693694,0.64
64,0.972972972972973,0.014414414414414415,0.0,0.012612612612612612,0.65
65,0.972972972972973,0.015855855855855857,0.0,0.011171171171171172,0.66
66,0.972972972972973,0.017297297297297298,0.0,0.00972972972972973,0.67
67,0.972972972972973,0.018738738738738738,0.0,0.008288288288288289,0.68
68,0.972972972972973,0.0190990990990991,0.0,0.007927927927927928,0.69
69,0.972972972972973,0.01981981981981982,0.0,0.007207207207207207,0.7
70,0.972972972972973,0.02018018018018018,0.0,0.006846846846846847,0.71
71,0.972972972972973,0.02054054054054054,0.0,0.006486486486486486,0.72
72,0.972972972972973,0.02054054054054054,0.0,0.006486486486486486,0.73
73,0.972972972972973,0.020900900900900903,0.0,0.006126126126126126,0.74
74,0.972972972972973,0.022342342342342343,0.0,0.0046846846846846845,0.75
75,0.972972972972973,0.022702702702702703,0.0,0.004324324324324324,0.76
76,0.972972972972973,0.023063063063063063,0.0,0.003963963963963964,0.77
77,0.972972972972973,0.023063063063063063,0.0,0.003963963963963964,0.78
78,0.972972972972973,0.023783783783783784,0.0,0.003243243243243243,0.79
79,0.972972972972973,0.023783783783783784,0.0,0.003243243243243243,0.8
80,0.972972972972973,0.023783783783783784,0.0,0.003243243243243243,0.81
81,0.972972972972973,0.023783783783783784,0.0,0.003243243243243243,0.82
82,0.972972972972973,0.023783783783783784,0.0,0.003243243243243243,0.83
83,0.972972972972973,0.024864864864864864,0.0,0.002162162162162162,0.84
84,0.972972972972973,0.024864864864864864,0.0,0.002162162162162162,0.85
85,0.972972972972973,0.024864864864864864,0.0,0.002162162162162162,0.86
86,0.972972972972973,0.025225225225225224,0.0,0.0018018018018018018,0.87
87,0.972972972972973,0.025225225225225224,0.0,0.0018018018018018018,0.88
88,0.972972972972973,0.025945945945945945,0.0,0.001081081081081081,0.89
89,0.972972972972973,0.026306306306306305,0.0,0.0007207207207207207,0.9
90,0.972972972972973,0.026306306306306305,0.0,0.0007207207207207207,0.91
91,0.972972972972973,0.026306306306306305,0.0,0.0007207207207207207,0.92
92,0.972972972972973,0.026306306306306305,0.0,0.0007207207207207207,0.93
93,0.972972972972973,0.026306306306306305,0.0,0.0007207207207207207,0.94
94,0.972972972972973,0.02666666666666667,0.0,0.00036036036036036037,0.95
95,0.972972972972973,0.02666666666666667,0.0,0.00036036036036036037,0.96
96,0.972972972972973,0.02666666666666667,0.0,0.00036036036036036037,0.97
97,0.972972972972973,0.02666666666666667,0.0,0.00036036036036036037,0.98
98,0.972972972972973,0.02666666666666667,0.0,0.00036036036036036037,0.99
99,0.972972972972973,0.02666666666666667,0.0,0.00036036036036036037,1.0
