,tn,fp,fn,tp,percentage
0,0.00036036036036036037,0.0,0.9726126126126126,0.02702702702702703,0.01
1,0.0007207207207207207,0.0,0.9722522522522522,0.02702702702702703,0.02
2,0.0014414414414414415,0.0,0.9715315315315315,0.02702702702702703,0.03
3,0.002162162162162162,0.0,0.9708108108108108,0.02702702702702703,0.04
4,0.0025225225225225223,0.0,0.9704504504504504,0.02702702702702703,0.05
5,0.003963963963963964,0.0,0.969009009009009,0.02702702702702703,0.06
6,0.003963963963963964,0.0,0.969009009009009,0.02702702702702703,0.07
7,0.008648648648648649,0.0,0.9643243243243244,0.02702702702702703,0.08
8,0.012972972972972972,0.0,0.96,0.02702702702702703,0.09
9,0.020900900900900903,0.0,0.9520720720720721,0.02702702702702703,0.1
10,0.03279279279279279,0.0,0.9401801801801801,0.02702702702702703,0.11
11,0.04900900900900901,0.0,0.923963963963964,0.02702702702702703,0.12
12,0.04900900900900901,0.0,0.923963963963964,0.02702702702702703,0.13
13,0.07171171171171171,0.0,0.9012612612612613,0.02702702702702703,0.14
14,0.09333333333333334,0.0,0.8796396396396396,0.02702702702702703,0.15
15,0.12252252252252252,0.0,0.8504504504504504,0.02702702702702703,0.16
16,0.1643243243243243,0.0,0.8086486486486486,0.02702702702702703,0.17
17,0.21009009009009008,0.0,0.7628828828828829,0.02702702702702703,0.18
18,0.21009009009009008,0.0,0.7628828828828829,0.02702702702702703,0.19
19,0.2609009009009009,0.0,0.7120720720720721,0.02702702702702703,0.2
20,0.316036036036036,0.0,0.6569369369369369,0.02702702702702703,0.21
21,0.3845045045045045,0.0,0.5884684684684685,0.02702702702702703,0.22
22,0.44324324324324327,0.0,0.5297297297297298,0.02702702702702703,0.23
23,0.5034234234234234,0.0,0.4695495495495495,0.02702702702702703,0.24
24,0.5596396396396396,0.0,0.41333333333333333,0.02702702702702703,0.25
25,0.5596396396396396,0.0,0.41333333333333333,0.02702702702702703,0.26
26,0.6126126126126126,0.0,0.36036036036036034,0.02702702702702703,0.27
27,0.6616216216216216,0.0,0.31135135135135134,0.02702702702702703,0.28
28,0.7066666666666667,0.00036036036036036037,0.2663063063063063,0.02666666666666667,0.29
29,0.7484684684684685,0.00036036036036036037,0.22450450450450452,0.02666666666666667,0.3
30,0.7834234234234234,0.00036036036036036037,0.18954954954954956,0.02666666666666667,0.31
31,0.7834234234234234,0.00036036036036036037,0.18954954954954956,0.02666666666666667,0.32
32,0.8136936936936937,0.00036036036036036037,0.1592792792792793,0.02666666666666667,0.33
33,0.8418018018018018,0.00036036036036036037,0.13117117117117116,0.02666666666666667,0.34
34,0.8655855855855856,0.0007207207207207207,0.10738738738738739,0.026306306306306305,0.35
35,0.8854054054054054,0.001081081081081081,0.08756756756756756,0.025945945945945945,0.36
36,0.9041441441441441,0.001081081081081081,0.06882882882882883,0.025945945945945945,0.37
37,0.9041441441441441,0.001081081081081081,0.06882882882882883,0.025945945945945945,0.38
38,0.9171171171171171,0.001081081081081081,0.055855855855855854,0.025945945945945945,0.39
39,0.9282882882882882,0.001081081081081081,0.044684684684684686,0.025945945945945945,0.4
40,0.9387387387387387,0.0018018018018018018,0.03423423423423423,0.025225225225225224,0.41
41,0.9463063063063063,0.002162162162162162,0.02666666666666667,0.024864864864864864,0.42
42,0.9538738738738739,0.003963963963963964,0.0190990990990991,0.023063063063063063,0.43
43,0.9538738738738739,0.003963963963963964,0.0190990990990991,0.023063063063063063,0.44
44,0.9563963963963964,0.005405405405405406,0.016576576576576577,0.021621621621621623,0.45
45,0.9614414414414414,0.005405405405405406,0.011531531531531532,0.021621621621621623,0.46
46,0.9646846846846847,0.005765765765765766,0.008288288288288289,0.021261261261261263,0.47
47,0.9675675675675676,0.006126126126126126,0.005405405405405406,0.020900900900900903,0.48
48,0.9686486486486486,0.006846846846846847,0.004324324324324324,0.02018018018018018,0.49
49,0.969009009009009,0.006846846846846847,0.003963963963963964,0.02018018018018018,0.5
50,0.969009009009009,0.006846846846846847,0.003963963963963964,0.02018018018018018,0.51
51,0.9693693693693693,0.006846846846846847,0.0036036036036036037,0.02018018018018018,0.52
52,0.9700900900900901,0.0075675675675675675,0.002882882882882883,0.01945945945945946,0.53
53,0.9704504504504504,0.007927927927927928,0.0025225225225225223,0.0190990990990991,0.54
54,0.9715315315315315,0.009009009009009009,0.0014414414414414415,0.018018018018018018,0.55
55,0.9718918918918918,0.00972972972972973,0.001081081081081081,0.017297297297297298,0.56
56,0.9718918918918918,0.00972972972972973,0.001081081081081081,0.017297297297297298,0.57
57,0.9718918918918918,0.010450450450450451,0.001081081081081081,0.016576576576576577,0.58
58,0.9722522522522522,0.011171171171171172,0.0007207207207207207,0.015855855855855857,0.59
59,0.9726126126126126,0.011171171171171172,0.00036036036036036037,0.015855855855855857,0.6
60,0.972972972972973,0.011891891891891892,0.0,0.015135135135135135,0.61
61,0.972972972972973,0.014054054054054054,0.0,0.012972972972972972,0.62
62,0.972972972972973,0.014054054054054054,0.0,0.012972972972972972,0.63
63,0.972972972972973,0.015135135135135135,0.0,0.011891891891891892,0.64
64,0.972972972972973,0.015495495495495495,0.0,0.011531531531531532,0.65
65,0.972972972972973,0.015855855855855857,0.0,0.011171171171171172,0.66
66,0.972972972972973,0.018378378378378378,0.0,0.008648648648648649,0.67
67,0.972972972972973,0.018738738738738738,0.0,0.008288288288288289,0.68
68,0.972972972972973,0.018738738738738738,0.0,0.008288288288288289,0.69
69,0.972972972972973,0.01981981981981982,0.0,0.007207207207207207,0.7
70,0.972972972972973,0.01981981981981982,0.0,0.007207207207207207,0.71
71,0.972972972972973,0.02054054054054054,0.0,0.006486486486486486,0.72
72,0.972972972972973,0.021621621621621623,0.0,0.005405405405405406,0.73
73,0.972972972972973,0.021981981981981983,0.0,0.005045045045045045,0.74
74,0.972972972972973,0.021981981981981983,0.0,0.005045045045045045,0.75
75,0.972972972972973,0.022342342342342343,0.0,0.0046846846846846845,0.76
76,0.972972972972973,0.023063063063063063,0.0,0.003963963963963964,0.77
77,0.972972972972973,0.023423423423423424,0.0,0.0036036036036036037,0.78
78,0.972972972972973,0.023783783783783784,0.0,0.003243243243243243,0.79
79,0.972972972972973,0.023783783783783784,0.0,0.003243243243243243,0.8
80,0.972972972972973,0.023783783783783784,0.0,0.003243243243243243,0.81
81,0.972972972972973,0.023783783783783784,0.0,0.003243243243243243,0.82
82,0.972972972972973,0.024504504504504504,0.0,0.0025225225225225223,0.83
83,0.972972972972973,0.024504504504504504,0.0,0.0025225225225225223,0.84
84,0.972972972972973,0.024864864864864864,0.0,0.002162162162162162,0.85
85,0.972972972972973,0.024864864864864864,0.0,0.002162162162162162,0.86
86,0.972972972972973,0.025585585585585584,0.0,0.0014414414414414415,0.87
87,0.972972972972973,0.025585585585585584,0.0,0.0014414414414414415,0.88
88,0.972972972972973,0.025585585585585584,0.0,0.0014414414414414415,0.89
89,0.972972972972973,0.025945945945945945,0.0,0.001081081081081081,0.9
90,0.972972972972973,0.025945945945945945,0.0,0.001081081081081081,0.91
91,0.972972972972973,0.026306306306306305,0.0,0.0007207207207207207,0.92
92,0.972972972972973,0.026306306306306305,0.0,0.0007207207207207207,0.93
93,0.972972972972973,0.026306306306306305,0.0,0.0007207207207207207,0.94
94,0.972972972972973,0.026306306306306305,0.0,0.0007207207207207207,0.95
95,0.972972972972973,0.02666666666666667,0.0,0.00036036036036036037,0.96
96,0.972972972972973,0.02666666666666667,0.0,0.00036036036036036037,0.97
97,0.972972972972973,0.02666666666666667,0.0,0.00036036036036036037,0.98
98,0.972972972972973,0.02666666666666667,0.0,0.00036036036036036037,0.99
99,0.972972972972973,0.02666666666666667,0.0,0.00036036036036036037,1.0
