,tn,fp,fn,tp,percentage
0,0.00036036036036036037,0.0,0.9726126126126126,0.02702702702702703,0.01
1,0.00036036036036036037,0.0,0.9726126126126126,0.02702702702702703,0.02
2,0.00036036036036036037,0.0,0.9726126126126126,0.02702702702702703,0.03
3,0.00036036036036036037,0.0,0.9726126126126126,0.02702702702702703,0.04
4,0.00036036036036036037,0.0,0.9726126126126126,0.02702702702702703,0.05
5,0.0007207207207207207,0.0,0.9722522522522522,0.02702702702702703,0.06
6,0.0007207207207207207,0.0,0.9722522522522522,0.02702702702702703,0.07
7,0.0007207207207207207,0.0,0.9722522522522522,0.02702702702702703,0.08
8,0.0018018018018018018,0.0,0.9711711711711711,0.02702702702702703,0.09
9,0.0018018018018018018,0.0,0.9711711711711711,0.02702702702702703,0.1
10,0.0036036036036036037,0.0,0.9693693693693693,0.02702702702702703,0.11
11,0.004324324324324324,0.0,0.9686486486486486,0.02702702702702703,0.12
12,0.005405405405405406,0.0,0.9675675675675676,0.02702702702702703,0.13
13,0.008288288288288289,0.0,0.9646846846846847,0.02702702702702703,0.14
14,0.01009009009009009,0.0,0.9628828828828829,0.02702702702702703,0.15
15,0.013333333333333334,0.0,0.9596396396396396,0.02702702702702703,0.16
16,0.016936936936936937,0.0,0.956036036036036,0.02702702702702703,0.17
17,0.024864864864864864,0.0,0.9481081081081081,0.02702702702702703,0.18
18,0.03495495495495495,0.0,0.938018018018018,0.02702702702702703,0.19
19,0.043963963963963966,0.0,0.929009009009009,0.02702702702702703,0.2
20,0.05981981981981982,0.0,0.9131531531531532,0.02702702702702703,0.21
21,0.07387387387387387,0.0,0.8990990990990991,0.02702702702702703,0.22
22,0.08828828828828829,0.0,0.8846846846846846,0.02702702702702703,0.23
23,0.09765765765765766,0.0,0.8753153153153154,0.02702702702702703,0.24
24,0.12936936936936938,0.0,0.8436036036036036,0.02702702702702703,0.25
25,0.15135135135135136,0.0,0.8216216216216217,0.02702702702702703,0.26
26,0.17045045045045046,0.0,0.8025225225225225,0.02702702702702703,0.27
27,0.21153153153153154,0.0,0.7614414414414414,0.02702702702702703,0.28
28,0.2371171171171171,0.0,0.7358558558558559,0.02702702702702703,0.29
29,0.2572972972972973,0.0,0.7156756756756757,0.02702702702702703,0.3
30,0.28324324324324324,0.0,0.6897297297297297,0.02702702702702703,0.31
31,0.33765765765765765,0.0,0.6353153153153153,0.02702702702702703,0.32
32,0.3646846846846847,0.0,0.6082882882882883,0.02702702702702703,0.33
33,0.3881081081081081,0.0,0.5848648648648649,0.02702702702702703,0.34
34,0.4464864864864865,0.0,0.5264864864864864,0.02702702702702703,0.35
35,0.4781981981981982,0.0,0.4947747747747748,0.02702702702702703,0.36
36,0.5088288288288288,0.0,0.4641441441441441,0.02702702702702703,0.37
37,0.5736936936936937,0.0,0.39927927927927925,0.02702702702702703,0.38
38,0.6014414414414414,0.0,0.3715315315315315,0.02702702702702703,0.39
39,0.6306306306306306,0.0,0.34234234234234234,0.02702702702702703,0.4
40,0.6551351351351351,0.0,0.3178378378378378,0.02702702702702703,0.41
41,0.6990990990990991,0.0,0.27387387387387385,0.02702702702702703,0.42
42,0.7228828828828829,0.00036036036036036037,0.2500900900900901,0.02666666666666667,0.43
43,0.7412612612612612,0.00036036036036036037,0.2317117117117117,0.02666666666666667,0.44
44,0.7801801801801802,0.0007207207207207207,0.1927927927927928,0.026306306306306305,0.45
45,0.7978378378378378,0.0007207207207207207,0.17513513513513512,0.026306306306306305,0.46
46,0.8122522522522523,0.0007207207207207207,0.16072072072072072,0.026306306306306305,0.47
47,0.8299099099099099,0.0007207207207207207,0.14306306306306307,0.026306306306306305,0.48
48,0.8594594594594595,0.0007207207207207207,0.11351351351351352,0.026306306306306305,0.49
49,0.8684684684684685,0.0007207207207207207,0.1045045045045045,0.026306306306306305,0.5
50,0.8785585585585586,0.0007207207207207207,0.09441441441441441,0.026306306306306305,0.51
51,0.8962162162162162,0.0007207207207207207,0.07675675675675675,0.026306306306306305,0.52
52,0.9034234234234234,0.0007207207207207207,0.06954954954954955,0.026306306306306305,0.53
53,0.9102702702702703,0.001081081081081081,0.0627027027027027,0.025945945945945945,0.54
54,0.9207207207207208,0.001081081081081081,0.05225225225225225,0.025945945945945945,0.55
55,0.9336936936936937,0.0014414414414414415,0.03927927927927928,0.025585585585585584,0.56
56,0.938018018018018,0.0018018018018018018,0.03495495495495495,0.025225225225225224,0.57
57,0.941981981981982,0.0018018018018018018,0.03099099099099099,0.025225225225225224,0.58
58,0.9520720720720721,0.002162162162162162,0.020900900900900903,0.024864864864864864,0.59
59,0.9545945945945946,0.0025225225225225223,0.018378378378378378,0.024504504504504504,0.6
60,0.9567567567567568,0.0025225225225225223,0.016216216216216217,0.024504504504504504,0.61
61,0.9585585585585585,0.0025225225225225223,0.014414414414414415,0.024504504504504504,0.62
62,0.9614414414414414,0.0036036036036036037,0.011531531531531532,0.023423423423423424,0.63
63,0.9621621621621622,0.003963963963963964,0.010810810810810811,0.023063063063063063,0.64
64,0.9632432432432433,0.004324324324324324,0.00972972972972973,0.022702702702702703,0.65
65,0.9679279279279279,0.005765765765765766,0.005045045045045045,0.021261261261261263,0.66
66,0.9686486486486486,0.005765765765765766,0.004324324324324324,0.021261261261261263,0.67
67,0.9697297297297297,0.005765765765765766,0.003243243243243243,0.021261261261261263,0.68
68,0.9711711711711711,0.0075675675675675675,0.0018018018018018018,0.01945945945945946,0.69
69,0.9718918918918918,0.007927927927927928,0.001081081081081081,0.0190990990990991,0.7
70,0.9718918918918918,0.007927927927927928,0.001081081081081081,0.0190990990990991,0.71
71,0.9722522522522522,0.008288288288288289,0.0007207207207207207,0.018738738738738738,0.72
72,0.9726126126126126,0.009369369369369369,0.00036036036036036037,0.017657657657657658,0.73
73,0.9726126126126126,0.00972972972972973,0.00036036036036036037,0.017297297297297298,0.74
74,0.9726126126126126,0.010450450450450451,0.00036036036036036037,0.016576576576576577,0.75
75,0.972972972972973,0.011531531531531532,0.0,0.015495495495495495,0.76
76,0.972972972972973,0.012972972972972972,0.0,0.014054054054054054,0.77
77,0.972972972972973,0.014054054054054054,0.0,0.012972972972972972,0.78
78,0.972972972972973,0.014414414414414415,0.0,0.012612612612612612,0.79
79,0.972972972972973,0.016216216216216217,0.0,0.010810810810810811,0.8
80,0.972972972972973,0.016936936936936937,0.0,0.01009009009009009,0.81
81,0.972972972972973,0.017297297297297298,0.0,0.00972972972972973,0.82
82,0.972972972972973,0.018018018018018018,0.0,0.009009009009009009,0.83
83,0.972972972972973,0.0190990990990991,0.0,0.007927927927927928,0.84
84,0.972972972972973,0.01981981981981982,0.0,0.007207207207207207,0.85
85,0.972972972972973,0.021261261261261263,0.0,0.005765765765765766,0.86
86,0.972972972972973,0.021621621621621623,0.0,0.005405405405405406,0.87
87,0.972972972972973,0.021981981981981983,0.0,0.005045045045045045,0.88
88,0.972972972972973,0.021981981981981983,0.0,0.005045045045045045,0.89
89,0.972972972972973,0.022702702702702703,0.0,0.004324324324324324,0.9
90,0.972972972972973,0.023423423423423424,0.0,0.0036036036036036037,0.91
91,0.972972972972973,0.023783783783783784,0.0,0.003243243243243243,0.92
92,0.972972972972973,0.024144144144144144,0.0,0.002882882882882883,0.93
93,0.972972972972973,0.025225225225225224,0.0,0.0018018018018018018,0.94
94,0.972972972972973,0.025945945945945945,0.0,0.001081081081081081,0.95
95,0.972972972972973,0.025945945945945945,0.0,0.001081081081081081,0.96
96,0.972972972972973,0.026306306306306305,0.0,0.0007207207207207207,0.97
97,0.972972972972973,0.02666666666666667,0.0,0.00036036036036036037,0.98
98,0.972972972972973,0.02666666666666667,0.0,0.00036036036036036037,0.99
99,0.972972972972973,0.02666666666666667,0.0,0.00036036036036036037,1.0
