,tn,fp,fn,tp,percentage
0,0.0007207207207207207,0.0,0.9722522522522522,0.02702702702702703,0.01
1,0.002162162162162162,0.0,0.9708108108108108,0.02702702702702703,0.02
2,0.0025225225225225223,0.0,0.9704504504504504,0.02702702702702703,0.03
3,0.004324324324324324,0.0,0.9686486486486486,0.02702702702702703,0.04
4,0.005405405405405406,0.0,0.9675675675675676,0.02702702702702703,0.05
5,0.006846846846846847,0.0,0.9661261261261261,0.02702702702702703,0.06
6,0.008648648648648649,0.0,0.9643243243243244,0.02702702702702703,0.07
7,0.00972972972972973,0.0,0.9632432432432433,0.02702702702702703,0.08
8,0.012972972972972972,0.0,0.96,0.02702702702702703,0.09
9,0.014774774774774775,0.0,0.9581981981981982,0.02702702702702703,0.1
10,0.02054054054054054,0.0,0.9524324324324325,0.02702702702702703,0.11
11,0.025585585585585584,0.0,0.9473873873873874,0.02702702702702703,0.12
12,0.02882882882882883,0.0,0.9441441441441442,0.02702702702702703,0.13
13,0.035315315315315315,0.0,0.9376576576576576,0.02702702702702703,0.14
14,0.04108108108108108,0.0,0.9318918918918919,0.02702702702702703,0.15
15,0.04936936936936937,0.0,0.9236036036036036,0.02702702702702703,0.16
16,0.05837837837837838,0.0,0.9145945945945946,0.02702702702702703,0.17
17,0.06738738738738739,0.0,0.9055855855855856,0.02702702702702703,0.18
18,0.08360360360360361,0.0,0.8893693693693694,0.02702702702702703,0.19
19,0.08972972972972973,0.0,0.8832432432432432,0.02702702702702703,0.2
20,0.10666666666666667,0.0,0.8663063063063063,0.02702702702702703,0.21
21,0.11459459459459459,0.0,0.8583783783783784,0.02702702702702703,0.22
22,0.12756756756756757,0.0,0.8454054054054054,0.02702702702702703,0.23
23,0.1452252252252252,0.0,0.8277477477477477,0.02702702702702703,0.24
24,0.15711711711711712,0.0,0.8158558558558558,0.02702702702702703,0.25
25,0.17693693693693693,0.0,0.796036036036036,0.02702702702702703,0.26
26,0.18594594594594593,0.0,0.787027027027027,0.02702702702702703,0.27
27,0.209009009009009,0.0,0.7639639639639639,0.02702702702702703,0.28
28,0.23783783783783785,0.0,0.7351351351351352,0.02702702702702703,0.29
29,0.24828828828828828,0.0,0.7246846846846847,0.02702702702702703,0.3
30,0.274954954954955,0.0,0.698018018018018,0.02702702702702703,0.31
31,0.2872072072072072,0.0,0.6857657657657658,0.02702702702702703,0.32
32,0.31351351351351353,0.0,0.6594594594594595,0.02702702702702703,0.33
33,0.3412612612612613,0.0,0.6317117117117117,0.02702702702702703,0.34
34,0.35783783783783785,0.0,0.6151351351351352,0.02702702702702703,0.35
35,0.3927927927927928,0.0,0.5801801801801801,0.02702702702702703,0.36
36,0.409009009009009,0.0,0.563963963963964,0.02702702702702703,0.37
37,0.43675675675675674,0.0,0.5362162162162162,0.02702702702702703,0.38
38,0.461981981981982,0.0,0.510990990990991,0.02702702702702703,0.39
39,0.4745945945945946,0.00036036036036036037,0.4983783783783784,0.02666666666666667,0.4
40,0.503063063063063,0.00036036036036036037,0.4699099099099099,0.02666666666666667,0.41
41,0.5156756756756756,0.00036036036036036037,0.4572972972972973,0.02666666666666667,0.42
42,0.5452252252252252,0.00036036036036036037,0.42774774774774776,0.02666666666666667,0.43
43,0.56,0.00036036036036036037,0.412972972972973,0.02666666666666667,0.44
44,0.590990990990991,0.00036036036036036037,0.38198198198198197,0.02666666666666667,0.45
45,0.618018018018018,0.00036036036036036037,0.35495495495495494,0.02666666666666667,0.46
46,0.6295495495495496,0.00036036036036036037,0.3434234234234234,0.02666666666666667,0.47
47,0.6554954954954955,0.00036036036036036037,0.31747747747747745,0.02666666666666667,0.48
48,0.6673873873873873,0.0007207207207207207,0.3055855855855856,0.026306306306306305,0.49
49,0.6972972972972973,0.0007207207207207207,0.2756756756756757,0.026306306306306305,0.5
50,0.7214414414414414,0.0007207207207207207,0.2515315315315315,0.026306306306306305,0.51
51,0.7318918918918919,0.001081081081081081,0.2410810810810811,0.025945945945945945,0.52
52,0.7545945945945945,0.001081081081081081,0.21837837837837837,0.025945945945945945,0.53
53,0.7668468468468469,0.0014414414414414415,0.20612612612612613,0.025585585585585584,0.54
54,0.787027027027027,0.0014414414414414415,0.18594594594594593,0.025585585585585584,0.55
55,0.8061261261261261,0.0014414414414414415,0.16684684684684684,0.025585585585585584,0.56
56,0.8140540540540541,0.0018018018018018018,0.1589189189189189,0.025225225225225224,0.57
57,0.8306306306306306,0.0018018018018018018,0.14234234234234233,0.025225225225225224,0.58
58,0.8374774774774775,0.002162162162162162,0.1354954954954955,0.024864864864864864,0.59
59,0.8515315315315315,0.002162162162162162,0.12144144144144144,0.024864864864864864,0.6
60,0.8576576576576577,0.0025225225225225223,0.11531531531531532,0.024504504504504504,0.61
61,0.8702702702702703,0.0025225225225225223,0.10270270270270271,0.024504504504504504,0.62
62,0.8785585585585586,0.0025225225225225223,0.09441441441441441,0.024504504504504504,0.63
63,0.8839639639639639,0.0025225225225225223,0.08900900900900902,0.024504504504504504,0.64
64,0.8954954954954955,0.002882882882882883,0.07747747747747748,0.024144144144144144,0.65
65,0.901981981981982,0.003243243243243243,0.07099099099099099,0.023783783783783784,0.66
66,0.9124324324324324,0.0036036036036036037,0.06054054054054054,0.023423423423423424,0.67
67,0.9228828828828829,0.004324324324324324,0.05009009009009009,0.022702702702702703,0.68
68,0.9264864864864865,0.004324324324324324,0.046486486486486484,0.022702702702702703,0.69
69,0.9326126126126126,0.005405405405405406,0.04036036036036036,0.021621621621621623,0.7
70,0.9354954954954955,0.005765765765765766,0.037477477477477476,0.021261261261261263,0.71
71,0.9416216216216217,0.006126126126126126,0.03135135135135135,0.020900900900900903,0.72
72,0.9463063063063063,0.006126126126126126,0.02666666666666667,0.020900900900900903,0.73
73,0.9491891891891892,0.006846846846846847,0.023783783783783784,0.02018018018018018,0.74
74,0.954954954954955,0.006846846846846847,0.018018018018018018,0.02018018018018018,0.75
75,0.9567567567567568,0.006846846846846847,0.016216216216216217,0.02018018018018018,0.76
76,0.9603603603603603,0.007927927927927928,0.012612612612612612,0.0190990990990991,0.77
77,0.9632432432432433,0.008288288288288289,0.00972972972972973,0.018738738738738738,0.78
78,0.9643243243243244,0.009009009009009009,0.008648648648648649,0.018018018018018018,0.79
79,0.9668468468468469,0.00972972972972973,0.006126126126126126,0.017297297297297298,0.8
80,0.9675675675675676,0.00972972972972973,0.005405405405405406,0.017297297297297298,0.81
81,0.9700900900900901,0.011171171171171172,0.002882882882882883,0.015855855855855857,0.82
82,0.9715315315315315,0.012612612612612612,0.0014414414414414415,0.014414414414414415,0.83
83,0.9718918918918918,0.014414414414414415,0.001081081081081081,0.012612612612612612,0.84
84,0.9722522522522522,0.016576576576576577,0.0007207207207207207,0.010450450450450451,0.85
85,0.9722522522522522,0.016936936936936937,0.0007207207207207207,0.01009009009009009,0.86
86,0.9722522522522522,0.0190990990990991,0.0007207207207207207,0.007927927927927928,0.87
87,0.9722522522522522,0.0190990990990991,0.0007207207207207207,0.007927927927927928,0.88
88,0.9722522522522522,0.02054054054054054,0.0007207207207207207,0.006486486486486486,0.89
89,0.9726126126126126,0.02054054054054054,0.00036036036036036037,0.006486486486486486,0.9
90,0.9726126126126126,0.020900900900900903,0.00036036036036036037,0.006126126126126126,0.91
91,0.9726126126126126,0.021981981981981983,0.00036036036036036037,0.005045045045045045,0.92
92,0.972972972972973,0.022702702702702703,0.0,0.004324324324324324,0.93
93,0.972972972972973,0.023423423423423424,0.0,0.0036036036036036037,0.94
94,0.972972972972973,0.023423423423423424,0.0,0.0036036036036036037,0.95
95,0.972972972972973,0.023423423423423424,0.0,0.0036036036036036037,0.96
96,0.972972972972973,0.024504504504504504,0.0,0.0025225225225225223,0.97
97,0.972972972972973,0.024864864864864864,0.0,0.002162162162162162,0.98
98,0.972972972972973,0.025945945945945945,0.0,0.001081081081081081,0.99
99,0.972972972972973,0.026306306306306305,0.0,0.0007207207207207207,1.0
