,tn,fp,fn,tp,percentage
0,0.00036036036036036037,0.0,0.9726126126126126,0.02702702702702703,0.01
1,0.00036036036036036037,0.0,0.9726126126126126,0.02702702702702703,0.02
2,0.0014414414414414415,0.0,0.9715315315315315,0.02702702702702703,0.03
3,0.0018018018018018018,0.0,0.9711711711711711,0.02702702702702703,0.04
4,0.0018018018018018018,0.0,0.9711711711711711,0.02702702702702703,0.05
5,0.0025225225225225223,0.0,0.9704504504504504,0.02702702702702703,0.06
6,0.004324324324324324,0.0,0.9686486486486486,0.02702702702702703,0.07
7,0.009009009009009009,0.0,0.963963963963964,0.02702702702702703,0.08
8,0.014774774774774775,0.0,0.9581981981981982,0.02702702702702703,0.09
9,0.014774774774774775,0.0,0.9581981981981982,0.02702702702702703,0.1
10,0.022702702702702703,0.0,0.9502702702702702,0.02702702702702703,0.11
11,0.034594594594594595,0.0,0.9383783783783783,0.02702702702702703,0.12
12,0.05477477477477478,0.0,0.9181981981981981,0.02702702702702703,0.13
13,0.07927927927927927,0.0,0.8936936936936937,0.02702702702702703,0.14
14,0.10234234234234234,0.0,0.8706306306306306,0.02702702702702703,0.15
15,0.10234234234234234,0.0,0.8706306306306306,0.02702702702702703,0.16
16,0.14414414414414414,0.0,0.8288288288288288,0.02702702702702703,0.17
17,0.18882882882882882,0.0,0.7841441441441441,0.02702702702702703,0.18
18,0.24396396396396397,0.0,0.729009009009009,0.02702702702702703,0.19
19,0.3027027027027027,0.0,0.6702702702702703,0.02702702702702703,0.2
20,0.3027027027027027,0.0,0.6702702702702703,0.02702702702702703,0.21
21,0.372972972972973,0.0,0.6,0.02702702702702703,0.22
22,0.4385585585585586,0.0,0.5344144144144144,0.02702702702702703,0.23
23,0.5041441441441441,0.0,0.4688288288288288,0.02702702702702703,0.24
24,0.5592792792792792,0.0,0.4136936936936937,0.02702702702702703,0.25
25,0.5592792792792792,0.0,0.4136936936936937,0.02702702702702703,0.26
26,0.6154954954954955,0.0,0.3574774774774775,0.02702702702702703,0.27
27,0.6655855855855856,0.0,0.3073873873873874,0.02702702702702703,0.28
28,0.7113513513513513,0.0,0.2616216216216216,0.02702702702702703,0.29
29,0.7113513513513513,0.0,0.2616216216216216,0.02702702702702703,0.3
30,0.76,0.00036036036036036037,0.21297297297297296,0.02666666666666667,0.31
31,0.7938738738738739,0.00036036036036036037,0.1790990990990991,0.02666666666666667,0.32
32,0.8291891891891892,0.00036036036036036037,0.1437837837837838,0.02666666666666667,0.33
33,0.8540540540540541,0.0007207207207207207,0.11891891891891893,0.026306306306306305,0.34
34,0.8540540540540541,0.0007207207207207207,0.11891891891891893,0.026306306306306305,0.35
35,0.8756756756756757,0.001081081081081081,0.0972972972972973,0.025945945945945945,0.36
36,0.896936936936937,0.001081081081081081,0.07603603603603604,0.025945945945945945,0.37
37,0.9127927927927928,0.001081081081081081,0.06018018018018018,0.025945945945945945,0.38
38,0.9272072072072072,0.0014414414414414415,0.04576576576576576,0.025585585585585584,0.39
39,0.9365765765765766,0.0018018018018018018,0.0363963963963964,0.025225225225225224,0.4
40,0.9365765765765766,0.0018018018018018018,0.0363963963963964,0.025225225225225224,0.41
41,0.9448648648648649,0.002162162162162162,0.02810810810810811,0.024864864864864864,0.42
42,0.9520720720720721,0.004324324324324324,0.020900900900900903,0.022702702702702703,0.43
43,0.9563963963963964,0.0046846846846846845,0.016576576576576577,0.022342342342342343,0.44
44,0.9614414414414414,0.005765765765765766,0.011531531531531532,0.021261261261261263,0.45
45,0.9614414414414414,0.005765765765765766,0.011531531531531532,0.021261261261261263,0.46
46,0.9643243243243244,0.005765765765765766,0.008648648648648649,0.021261261261261263,0.47
47,0.9675675675675676,0.006126126126126126,0.005405405405405406,0.020900900900900903,0.48
48,0.9686486486486486,0.006486486486486486,0.004324324324324324,0.02054054054054054,0.49
49,0.9686486486486486,0.006486486486486486,0.004324324324324324,0.02054054054054054,0.5
50,0.9693693693693693,0.006846846846846847,0.0036036036036036037,0.02018018018018018,0.51
51,0.9697297297297297,0.006846846846846847,0.003243243243243243,0.02018018018018018,0.52
52,0.9697297297297297,0.007207207207207207,0.003243243243243243,0.01981981981981982,0.53
53,0.9715315315315315,0.008288288288288289,0.0014414414414414415,0.018738738738738738,0.54
54,0.9715315315315315,0.009369369369369369,0.0014414414414414415,0.017657657657657658,0.55
55,0.9715315315315315,0.009369369369369369,0.0014414414414414415,0.017657657657657658,0.56
56,0.9718918918918918,0.00972972972972973,0.001081081081081081,0.017297297297297298,0.57
57,0.9722522522522522,0.01009009009009009,0.0007207207207207207,0.016936936936936937,0.58
58,0.9722522522522522,0.010810810810810811,0.0007207207207207207,0.016216216216216217,0.59
59,0.9722522522522522,0.010810810810810811,0.0007207207207207207,0.016216216216216217,0.6
60,0.9726126126126126,0.011891891891891892,0.00036036036036036037,0.015135135135135135,0.61
61,0.972972972972973,0.012972972972972972,0.0,0.014054054054054054,0.62
62,0.972972972972973,0.014774774774774775,0.0,0.012252252252252252,0.63
63,0.972972972972973,0.015135135135135135,0.0,0.011891891891891892,0.64
64,0.972972972972973,0.015135135135135135,0.0,0.011891891891891892,0.65
65,0.972972972972973,0.015855855855855857,0.0,0.011171171171171172,0.66
66,0.972972972972973,0.016936936936936937,0.0,0.01009009009009009,0.67
67,0.972972972972973,0.018378378378378378,0.0,0.008648648648648649,0.68
68,0.972972972972973,0.018738738738738738,0.0,0.008288288288288289,0.69
69,0.972972972972973,0.02018018018018018,0.0,0.006846846846846847,0.7
70,0.972972972972973,0.02018018018018018,0.0,0.006846846846846847,0.71
71,0.972972972972973,0.02018018018018018,0.0,0.006846846846846847,0.72
72,0.972972972972973,0.021621621621621623,0.0,0.005405405405405406,0.73
73,0.972972972972973,0.021621621621621623,0.0,0.005405405405405406,0.74
74,0.972972972972973,0.022342342342342343,0.0,0.0046846846846846845,0.75
75,0.972972972972973,0.022342342342342343,0.0,0.0046846846846846845,0.76
76,0.972972972972973,0.022342342342342343,0.0,0.0046846846846846845,0.77
77,0.972972972972973,0.023423423423423424,0.0,0.0036036036036036037,0.78
78,0.972972972972973,0.023783783783783784,0.0,0.003243243243243243,0.79
79,0.972972972972973,0.023783783783783784,0.0,0.003243243243243243,0.8
80,0.972972972972973,0.023783783783783784,0.0,0.003243243243243243,0.81
81,0.972972972972973,0.023783783783783784,0.0,0.003243243243243243,0.82
82,0.972972972972973,0.024504504504504504,0.0,0.0025225225225225223,0.83
83,0.972972972972973,0.024864864864864864,0.0,0.002162162162162162,0.84
84,0.972972972972973,0.024864864864864864,0.0,0.002162162162162162,0.85
85,0.972972972972973,0.024864864864864864,0.0,0.002162162162162162,0.86
86,0.972972972972973,0.025225225225225224,0.0,0.0018018018018018018,0.87
87,0.972972972972973,0.025585585585585584,0.0,0.0014414414414414415,0.88
88,0.972972972972973,0.025585585585585584,0.0,0.0014414414414414415,0.89
89,0.972972972972973,0.025945945945945945,0.0,0.001081081081081081,0.9
90,0.972972972972973,0.025945945945945945,0.0,0.001081081081081081,0.91
91,0.972972972972973,0.026306306306306305,0.0,0.0007207207207207207,0.92
92,0.972972972972973,0.026306306306306305,0.0,0.0007207207207207207,0.93
93,0.972972972972973,0.026306306306306305,0.0,0.0007207207207207207,0.94
94,0.972972972972973,0.026306306306306305,0.0,0.0007207207207207207,0.95
95,0.972972972972973,0.026306306306306305,0.0,0.0007207207207207207,0.96
96,0.972972972972973,0.02666666666666667,0.0,0.00036036036036036037,0.97
97,0.972972972972973,0.02666666666666667,0.0,0.00036036036036036037,0.98
98,0.972972972972973,0.02666666666666667,0.0,0.00036036036036036037,0.99
99,0.972972972972973,0.02666666666666667,0.0,0.00036036036036036037,1.0
