,tn,fp,fn,tp,percentage
0,0.9733424470266575,0.0,0.02631578947368421,0.0003417634996582365,0.01
1,0.9733424470266575,0.0,0.02631578947368421,0.0003417634996582365,0.02
2,0.9733424470266575,0.0,0.02631578947368421,0.0003417634996582365,0.03
3,0.9733424470266575,0.0,0.02631578947368421,0.0003417634996582365,0.04
4,0.9733424470266575,0.0,0.02631578947368421,0.0003417634996582365,0.05
5,0.9733424470266575,0.0,0.02631578947368421,0.0003417634996582365,0.06
6,0.9733424470266575,0.0,0.02631578947368421,0.0003417634996582365,0.07
7,0.9733424470266575,0.0,0.02631578947368421,0.0003417634996582365,0.08
8,0.9733424470266575,0.0,0.02631578947368421,0.0003417634996582365,0.09
9,0.9733424470266575,0.0,0.02631578947368421,0.0003417634996582365,0.1
10,0.9733424470266575,0.0,0.02631578947368421,0.0003417634996582365,0.11
11,0.9733424470266575,0.0,0.02631578947368421,0.0003417634996582365,0.12
12,0.9730006835269993,0.0003417634996582365,0.02631578947368421,0.0003417634996582365,0.13
13,0.9726589200273411,0.000683526999316473,0.025290498974709502,0.001367053998632946,0.14
14,0.9726589200273411,0.000683526999316473,0.025290498974709502,0.001367053998632946,0.15
15,0.9726589200273411,0.000683526999316473,0.025290498974709502,0.001367053998632946,0.16
16,0.9726589200273411,0.000683526999316473,0.024948735475051265,0.0017088174982911825,0.17
17,0.9726589200273411,0.000683526999316473,0.024265208475734792,0.0023923444976076554,0.18
18,0.9726589200273411,0.000683526999316473,0.02323991797676008,0.003417634996582365,0.19
19,0.9723171565276828,0.0010252904989747095,0.02221462747778537,0.004442925495557075,0.2
20,0.9723171565276828,0.0010252904989747095,0.0215311004784689,0.005126452494873548,0.21
21,0.9723171565276828,0.0010252904989747095,0.021189336978810664,0.005468215994531784,0.22
22,0.9723171565276828,0.0010252904989747095,0.020847573479152427,0.00580997949419002,0.23
23,0.9723171565276828,0.0010252904989747095,0.020847573479152427,0.00580997949419002,0.24
24,0.9723171565276828,0.0010252904989747095,0.020164046479835954,0.006493506493506494,0.25
25,0.9723171565276828,0.0010252904989747095,0.018796992481203006,0.00786056049213944,0.26
26,0.9723171565276828,0.0010252904989747095,0.018113465481886533,0.008544087491455913,0.27
27,0.9723171565276828,0.0010252904989747095,0.017429938482570063,0.009227614490772385,0.28
28,0.9723171565276828,0.0010252904989747095,0.01674641148325359,0.009911141490088858,0.29
29,0.9723171565276828,0.0010252904989747095,0.014012303485987697,0.012645249487354751,0.3
30,0.9723171565276828,0.0010252904989747095,0.012987012987012988,0.01367053998632946,0.31
31,0.9723171565276828,0.0010252904989747095,0.012645249487354751,0.014012303485987697,0.32
32,0.9723171565276828,0.0010252904989747095,0.011278195488721804,0.015379357484620642,0.33
33,0.9723171565276828,0.0010252904989747095,0.010252904989747095,0.016404647983595352,0.34
34,0.9723171565276828,0.0010252904989747095,0.009569377990430622,0.017088174982911826,0.35
35,0.9723171565276828,0.0010252904989747095,0.008544087491455913,0.018113465481886533,0.36
36,0.9723171565276828,0.0010252904989747095,0.008202323991797676,0.01845522898154477,0.37
37,0.9723171565276828,0.0010252904989747095,0.007177033492822967,0.01948051948051948,0.38
38,0.9719753930280246,0.001367053998632946,0.00683526999316473,0.019822282980177717,0.39
39,0.9719753930280246,0.001367053998632946,0.006151742993848257,0.02050580997949419,0.4
40,0.9719753930280246,0.001367053998632946,0.006151742993848257,0.02050580997949419,0.41
41,0.9719753930280246,0.001367053998632946,0.00580997949419002,0.020847573479152427,0.42
42,0.9716336295283664,0.0017088174982911825,0.00580997949419002,0.020847573479152427,0.43
43,0.9712918660287081,0.002050580997949419,0.005468215994531784,0.021189336978810664,0.44
44,0.9712918660287081,0.002050580997949419,0.004101161995898838,0.022556390977443608,0.45
45,0.9702665755297334,0.0030758714969241286,0.003417634996582365,0.02323991797676008,0.46
46,0.969583048530417,0.0037593984962406013,0.0030758714969241286,0.023581681476418318,0.47
47,0.969583048530417,0.0037593984962406013,0.002734107997265892,0.023923444976076555,0.48
48,0.9692412850307587,0.004101161995898838,0.002734107997265892,0.023923444976076555,0.49
49,0.9675324675324676,0.00580997949419002,0.002050580997949419,0.02460697197539303,0.5
50,0.9675324675324676,0.00580997949419002,0.0017088174982911825,0.024948735475051265,0.51
51,0.963773069036227,0.009569377990430622,0.0017088174982911825,0.024948735475051265,0.52
52,0.9624060150375939,0.010936431989063569,0.0017088174982911825,0.024948735475051265,0.53
53,0.9603554340396445,0.012987012987012988,0.001367053998632946,0.025290498974709502,0.54
54,0.9572795625427204,0.016062884483937116,0.0010252904989747095,0.02563226247436774,0.55
55,0.9524948735475052,0.020847573479152427,0.0003417634996582365,0.02631578947368421,0.56
56,0.9453178400546821,0.028024606971975393,0.0003417634996582365,0.02631578947368421,0.57
57,0.9384825700615175,0.034859876965140126,0.0003417634996582365,0.02631578947368421,0.58
58,0.9299384825700615,0.043403964456596035,0.0003417634996582365,0.02631578947368421,0.59
59,0.9104579630895421,0.06288448393711552,0.0003417634996582365,0.02631578947368421,0.6
60,0.8971291866028708,0.07621326042378673,0.0003417634996582365,0.02631578947368421,0.61
61,0.8807245386192755,0.09261790840738209,0.0003417634996582365,0.02631578947368421,0.62
62,0.8591934381408065,0.11414900888585099,0.0003417634996582365,0.02631578947368421,0.63
63,0.8356117566643882,0.13773069036226931,0.0003417634996582365,0.02631578947368421,0.64
64,0.8171565276828435,0.15618591934381407,0.0003417634996582365,0.02631578947368421,0.65
65,0.7956254272043746,0.17771701982228297,0.0,0.026657552973342446,0.66
66,0.7679425837320574,0.20539986329460014,0.0,0.026657552973342446,0.67
67,0.7368421052631579,0.23650034176349966,0.0,0.026657552973342446,0.68
68,0.7019822282980178,0.2713602187286398,0.0,0.026657552973342446,0.69
69,0.6312371838687628,0.34210526315789475,0.0,0.026657552973342446,0.7
70,0.5922761449077238,0.3810663021189337,0.0,0.026657552973342446,0.71
71,0.5478468899521531,0.4254955570745044,0.0,0.026657552973342446,0.72
72,0.5034176349965823,0.4699248120300752,0.0,0.026657552973342446,0.73
73,0.4600136705399863,0.5133287764866712,0.0,0.026657552973342446,0.74
74,0.41250854408749144,0.5608339029391661,0.0,0.026657552973342446,0.75
75,0.37047163362952834,0.6028708133971292,0.0,0.026657552973342446,0.76
76,0.32809295967190705,0.6452494873547505,0.0,0.026657552973342446,0.77
77,0.2884483937115516,0.684894053315106,0.0,0.026657552973342446,0.78
78,0.24606971975393027,0.7272727272727273,0.0,0.026657552973342446,0.79
79,0.17805878332194122,0.7952836637047164,0.0,0.026657552973342446,0.8
80,0.15242652084757347,0.820915926179084,0.0,0.026657552973342446,0.81
81,0.12235133287764867,0.8509911141490089,0.0,0.026657552973342446,0.82
82,0.10082023239917977,0.8725222146274778,0.0,0.026657552973342446,0.83
83,0.08099794941900205,0.8923444976076556,0.0,0.026657552973342446,0.84
84,0.06698564593301436,0.9063568010936432,0.0,0.026657552973342446,0.85
85,0.05263157894736842,0.9207108680792891,0.0,0.026657552973342446,0.86
86,0.041695146958304855,0.9316473000683527,0.0,0.026657552973342446,0.87
87,0.03144224196855776,0.9419002050580998,0.0,0.026657552973342446,0.88
88,0.020847573479152427,0.9524948735475052,0.0,0.026657552973342446,0.89
89,0.011278195488721804,0.9620642515379357,0.0,0.026657552973342446,0.9
90,0.009569377990430622,0.963773069036227,0.0,0.026657552973342446,0.91
91,0.007518796992481203,0.9658236500341764,0.0,0.026657552973342446,0.92
92,0.005126452494873548,0.968215994531784,0.0,0.026657552973342446,0.93
93,0.004101161995898838,0.9692412850307587,0.0,0.026657552973342446,0.94
94,0.003417634996582365,0.9699248120300752,0.0,0.026657552973342446,0.95
95,0.0017088174982911825,0.9716336295283664,0.0,0.026657552973342446,0.96
96,0.0010252904989747095,0.9723171565276828,0.0,0.026657552973342446,0.97
97,0.0010252904989747095,0.9723171565276828,0.0,0.026657552973342446,0.98
98,0.0010252904989747095,0.9723171565276828,0.0,0.026657552973342446,0.99
99,0.0,0.9733424470266575,0.0,0.026657552973342446,1.0
