,tn,fp,fn,tp,percentage
0,0.0007207207207207207,0.0,0.9733333333333334,0.025945945945945945,0.01
1,0.001081081081081081,0.0,0.972972972972973,0.025945945945945945,0.02
2,0.001081081081081081,0.0,0.972972972972973,0.025945945945945945,0.03
3,0.0014414414414414415,0.0,0.9726126126126126,0.025945945945945945,0.04
4,0.0025225225225225223,0.0,0.9715315315315315,0.025945945945945945,0.05
5,0.0036036036036036037,0.0,0.9704504504504504,0.025945945945945945,0.06
6,0.0046846846846846845,0.0,0.9693693693693693,0.025945945945945945,0.07
7,0.005765765765765766,0.0,0.9682882882882883,0.025945945945945945,0.08
8,0.0075675675675675675,0.0,0.9664864864864865,0.025945945945945945,0.09
9,0.011531531531531532,0.0,0.9625225225225226,0.025945945945945945,0.1
10,0.016216216216216217,0.0,0.9578378378378378,0.025945945945945945,0.11
11,0.01981981981981982,0.0,0.9542342342342343,0.025945945945945945,0.12
12,0.024144144144144144,0.0,0.9499099099099099,0.025945945945945945,0.13
13,0.03135135135135135,0.0,0.9427027027027027,0.025945945945945945,0.14
14,0.05081081081081081,0.0,0.9232432432432433,0.025945945945945945,0.15
15,0.0627027027027027,0.0,0.9113513513513514,0.025945945945945945,0.16
16,0.07423423423423424,0.0,0.8998198198198198,0.025945945945945945,0.17
17,0.09261261261261261,0.0,0.8814414414414414,0.025945945945945945,0.18
18,0.10954954954954955,0.0,0.8645045045045046,0.025945945945945945,0.19
19,0.13117117117117116,0.0,0.8428828828828829,0.025945945945945945,0.2
20,0.18126126126126127,0.0,0.7927927927927928,0.025945945945945945,0.21
21,0.2036036036036036,0.0,0.7704504504504505,0.025945945945945945,0.22
22,0.23315315315315316,0.0,0.7409009009009009,0.025945945945945945,0.23
23,0.2616216216216216,0.0,0.7124324324324325,0.025945945945945945,0.24
24,0.3232432432432432,0.0,0.6508108108108108,0.025945945945945945,0.25
25,0.3535135135135135,0.0,0.6205405405405405,0.025945945945945945,0.26
26,0.3891891891891892,0.0,0.5848648648648649,0.025945945945945945,0.27
27,0.42414414414414414,0.0,0.54990990990991,0.025945945945945945,0.28
28,0.4645045045045045,0.0,0.5095495495495496,0.025945945945945945,0.29
29,0.5427027027027027,0.0,0.43135135135135133,0.025945945945945945,0.3
30,0.5783783783783784,0.0,0.3956756756756757,0.025945945945945945,0.31
31,0.6147747747747748,0.0,0.3592792792792793,0.025945945945945945,0.32
32,0.6486486486486487,0.0,0.3254054054054054,0.025945945945945945,0.33
33,0.6825225225225225,0.0,0.29153153153153155,0.025945945945945945,0.34
34,0.7275675675675676,0.0,0.2464864864864865,0.025945945945945945,0.35
35,0.7527927927927928,0.0,0.22126126126126125,0.025945945945945945,0.36
36,0.7805405405405406,0.00036036036036036037,0.1935135135135135,0.025585585585585584,0.37
37,0.8032432432432433,0.00036036036036036037,0.17081081081081081,0.025585585585585584,0.38
38,0.8234234234234235,0.00036036036036036037,0.15063063063063062,0.025585585585585584,0.39
39,0.858018018018018,0.00036036036036036037,0.11603603603603603,0.025585585585585584,0.4
40,0.8771171171171172,0.00036036036036036037,0.09693693693693693,0.025585585585585584,0.41
41,0.889009009009009,0.00036036036036036037,0.08504504504504505,0.025585585585585584,0.42
42,0.903063063063063,0.00036036036036036037,0.07099099099099099,0.025585585585585584,0.43
43,0.9124324324324324,0.00036036036036036037,0.061621621621621624,0.025585585585585584,0.44
44,0.9282882882882882,0.0007207207207207207,0.04576576576576576,0.025225225225225224,0.45
45,0.9394594594594594,0.0007207207207207207,0.034594594594594595,0.025225225225225224,0.46
46,0.9455855855855856,0.0007207207207207207,0.02846846846846847,0.025225225225225224,0.47
47,0.9506306306306306,0.0007207207207207207,0.023423423423423424,0.025225225225225224,0.48
48,0.9545945945945946,0.0007207207207207207,0.01945945945945946,0.025225225225225224,0.49
49,0.9625225225225226,0.0018018018018018018,0.011531531531531532,0.024144144144144144,0.5
50,0.9646846846846847,0.0018018018018018018,0.009369369369369369,0.024144144144144144,0.51
51,0.9657657657657658,0.002162162162162162,0.008288288288288289,0.023783783783783784,0.52
52,0.9672072072072072,0.002162162162162162,0.006846846846846847,0.023783783783783784,0.53
53,0.9679279279279279,0.0025225225225225223,0.006126126126126126,0.023423423423423424,0.54
54,0.9686486486486486,0.0025225225225225223,0.005405405405405406,0.023423423423423424,0.55
55,0.9700900900900901,0.0025225225225225223,0.003963963963963964,0.023423423423423424,0.56
56,0.9700900900900901,0.002882882882882883,0.003963963963963964,0.023063063063063063,0.57
57,0.9704504504504504,0.003963963963963964,0.0036036036036036037,0.021981981981981983,0.58
58,0.9704504504504504,0.0046846846846846845,0.0036036036036036037,0.021261261261261263,0.59
59,0.9722522522522522,0.0046846846846846845,0.0018018018018018018,0.021261261261261263,0.6
60,0.9726126126126126,0.005405405405405406,0.0014414414414414415,0.02054054054054054,0.61
61,0.9726126126126126,0.006126126126126126,0.0014414414414414415,0.01981981981981982,0.62
62,0.972972972972973,0.006486486486486486,0.001081081081081081,0.01945945945945946,0.63
63,0.972972972972973,0.006846846846846847,0.001081081081081081,0.0190990990990991,0.64
64,0.972972972972973,0.0075675675675675675,0.001081081081081081,0.018378378378378378,0.65
65,0.972972972972973,0.0075675675675675675,0.001081081081081081,0.018378378378378378,0.66
66,0.972972972972973,0.0075675675675675675,0.001081081081081081,0.018378378378378378,0.67
67,0.972972972972973,0.007927927927927928,0.001081081081081081,0.018018018018018018,0.68
68,0.972972972972973,0.009009009009009009,0.001081081081081081,0.016936936936936937,0.69
69,0.972972972972973,0.010810810810810811,0.001081081081081081,0.015135135135135135,0.7
70,0.972972972972973,0.012252252252252252,0.001081081081081081,0.013693693693693694,0.71
71,0.972972972972973,0.012972972972972972,0.001081081081081081,0.012972972972972972,0.72
72,0.972972972972973,0.013333333333333334,0.001081081081081081,0.012612612612612612,0.73
73,0.972972972972973,0.013693693693693694,0.001081081081081081,0.012252252252252252,0.74
74,0.972972972972973,0.014414414414414415,0.001081081081081081,0.011531531531531532,0.75
75,0.972972972972973,0.016576576576576577,0.001081081081081081,0.009369369369369369,0.76
76,0.972972972972973,0.016936936936936937,0.001081081081081081,0.009009009009009009,0.77
77,0.972972972972973,0.018018018018018018,0.001081081081081081,0.007927927927927928,0.78
78,0.972972972972973,0.018738738738738738,0.001081081081081081,0.007207207207207207,0.79
79,0.972972972972973,0.0190990990990991,0.001081081081081081,0.006846846846846847,0.8
80,0.972972972972973,0.02054054054054054,0.001081081081081081,0.005405405405405406,0.81
81,0.972972972972973,0.020900900900900903,0.001081081081081081,0.005045045045045045,0.82
82,0.9733333333333334,0.021621621621621623,0.0007207207207207207,0.004324324324324324,0.83
83,0.9733333333333334,0.022342342342342343,0.0007207207207207207,0.0036036036036036037,0.84
84,0.9733333333333334,0.023423423423423424,0.0007207207207207207,0.0025225225225225223,0.85
85,0.9733333333333334,0.023423423423423424,0.0007207207207207207,0.0025225225225225223,0.86
86,0.9733333333333334,0.024504504504504504,0.0007207207207207207,0.0014414414414414415,0.87
87,0.9733333333333334,0.024864864864864864,0.0007207207207207207,0.001081081081081081,0.88
88,0.9733333333333334,0.024864864864864864,0.0007207207207207207,0.001081081081081081,0.89
89,0.9740540540540541,0.025225225225225224,0.0,0.0007207207207207207,0.9
90,0.9740540540540541,0.025585585585585584,0.0,0.00036036036036036037,0.91
91,0.9740540540540541,0.025585585585585584,0.0,0.00036036036036036037,0.92
92,0.9740540540540541,0.025585585585585584,0.0,0.00036036036036036037,0.93
93,0.9740540540540541,0.025585585585585584,0.0,0.00036036036036036037,0.94
94,0.9740540540540541,0.025585585585585584,0.0,0.00036036036036036037,0.95
95,0.9740540540540541,0.025585585585585584,0.0,0.00036036036036036037,0.96
96,0.9740540540540541,0.025585585585585584,0.0,0.00036036036036036037,0.97
97,0.9740540540540541,0.025585585585585584,0.0,0.00036036036036036037,0.98
98,0.9740540540540541,0.025585585585585584,0.0,0.00036036036036036037,0.99
99,0.9740540540540541,0.025585585585585584,0.0,0.00036036036036036037,1.0
