,tn,fp,fn,tp,percentage
0,0.00036036036036036037,0.0,0.9736936936936937,0.025945945945945945,0.01
1,0.0018018018018018018,0.0,0.9722522522522522,0.025945945945945945,0.02
2,0.003243243243243243,0.0,0.9708108108108108,0.025945945945945945,0.03
3,0.006126126126126126,0.0,0.9679279279279279,0.025945945945945945,0.04
4,0.006126126126126126,0.0,0.9679279279279279,0.025945945945945945,0.05
5,0.01009009009009009,0.0,0.963963963963964,0.025945945945945945,0.06
6,0.014774774774774775,0.0,0.9592792792792793,0.025945945945945945,0.07
7,0.025945945945945945,0.0,0.9481081081081081,0.025945945945945945,0.08
8,0.025945945945945945,0.0,0.9481081081081081,0.025945945945945945,0.09
9,0.04144144144144144,0.0,0.9326126126126126,0.025945945945945945,0.1
10,0.06918918918918919,0.0,0.9048648648648648,0.025945945945945945,0.11
11,0.10234234234234234,0.0,0.8717117117117117,0.025945945945945945,0.12
12,0.14126126126126126,0.0,0.8327927927927928,0.025945945945945945,0.13
13,0.14126126126126126,0.0,0.8327927927927928,0.025945945945945945,0.14
14,0.19603603603603603,0.0,0.7780180180180181,0.025945945945945945,0.15
15,0.25873873873873876,0.0,0.7153153153153153,0.025945945945945945,0.16
16,0.33045045045045046,0.0,0.6436036036036036,0.025945945945945945,0.17
17,0.33045045045045046,0.0,0.6436036036036036,0.025945945945945945,0.18
18,0.40540540540540543,0.0,0.5686486486486486,0.025945945945945945,0.19
19,0.4828828828828829,0.0,0.49117117117117115,0.025945945945945945,0.2
20,0.5632432432432433,0.0,0.41081081081081083,0.025945945945945945,0.21
21,0.5632432432432433,0.0,0.41081081081081083,0.025945945945945945,0.22
22,0.6302702702702703,0.0,0.34378378378378377,0.025945945945945945,0.23
23,0.6922522522522523,0.0,0.2818018018018018,0.025945945945945945,0.24
24,0.7466666666666667,0.0,0.2273873873873874,0.025945945945945945,0.25
25,0.7945945945945946,0.0,0.17945945945945946,0.025945945945945945,0.26
26,0.7945945945945946,0.0,0.17945945945945946,0.025945945945945945,0.27
27,0.8309909909909909,0.0,0.14306306306306307,0.025945945945945945,0.28
28,0.8627027027027027,0.00036036036036036037,0.11135135135135135,0.025585585585585584,0.29
29,0.8875675675675676,0.0007207207207207207,0.08648648648648649,0.025225225225225224,0.3
30,0.8875675675675676,0.0007207207207207207,0.08648648648648649,0.025225225225225224,0.31
31,0.9145945945945946,0.0007207207207207207,0.05945945945945946,0.025225225225225224,0.32
32,0.9308108108108109,0.001081081081081081,0.043243243243243246,0.024864864864864864,0.33
33,0.9448648648648649,0.001081081081081081,0.02918918918918919,0.024864864864864864,0.34
34,0.9448648648648649,0.001081081081081081,0.02918918918918919,0.024864864864864864,0.35
35,0.9545945945945946,0.001081081081081081,0.01945945945945946,0.024864864864864864,0.36
36,0.9596396396396396,0.0014414414414414415,0.014414414414414415,0.024504504504504504,0.37
37,0.9632432432432433,0.0014414414414414415,0.010810810810810811,0.024504504504504504,0.38
38,0.9657657657657658,0.0018018018018018018,0.008288288288288289,0.024144144144144144,0.39
39,0.9657657657657658,0.0018018018018018018,0.008288288288288289,0.024144144144144144,0.4
40,0.9672072072072072,0.002162162162162162,0.006846846846846847,0.023783783783783784,0.41
41,0.9686486486486486,0.003243243243243243,0.005405405405405406,0.022702702702702703,0.42
42,0.9700900900900901,0.0036036036036036037,0.003963963963963964,0.022342342342342343,0.43
43,0.9700900900900901,0.0036036036036036037,0.003963963963963964,0.022342342342342343,0.44
44,0.9711711711711711,0.004324324324324324,0.002882882882882883,0.021621621621621623,0.45
45,0.9715315315315315,0.0046846846846846845,0.0025225225225225223,0.021261261261261263,0.46
46,0.9722522522522522,0.005405405405405406,0.0018018018018018018,0.02054054054054054,0.47
47,0.9722522522522522,0.005405405405405406,0.0018018018018018018,0.02054054054054054,0.48
48,0.9722522522522522,0.005765765765765766,0.0018018018018018018,0.02018018018018018,0.49
49,0.9726126126126126,0.005765765765765766,0.0014414414414414415,0.02018018018018018,0.5
50,0.9726126126126126,0.007927927927927928,0.0014414414414414415,0.018018018018018018,0.51
51,0.9726126126126126,0.009369369369369369,0.0014414414414414415,0.016576576576576577,0.52
52,0.9726126126126126,0.009369369369369369,0.0014414414414414415,0.016576576576576577,0.53
53,0.9726126126126126,0.009369369369369369,0.0014414414414414415,0.016576576576576577,0.54
54,0.9726126126126126,0.010450450450450451,0.0014414414414414415,0.015495495495495495,0.55
55,0.972972972972973,0.011531531531531532,0.001081081081081081,0.014414414414414415,0.56
56,0.972972972972973,0.011531531531531532,0.001081081081081081,0.014414414414414415,0.57
57,0.972972972972973,0.011891891891891892,0.001081081081081081,0.014054054054054054,0.58
58,0.972972972972973,0.014054054054054054,0.001081081081081081,0.011891891891891892,0.59
59,0.972972972972973,0.014414414414414415,0.001081081081081081,0.011531531531531532,0.6
60,0.972972972972973,0.014414414414414415,0.001081081081081081,0.011531531531531532,0.61
61,0.972972972972973,0.016576576576576577,0.001081081081081081,0.009369369369369369,0.62
62,0.972972972972973,0.016936936936936937,0.001081081081081081,0.009009009009009009,0.63
63,0.972972972972973,0.018378378378378378,0.001081081081081081,0.0075675675675675675,0.64
64,0.972972972972973,0.0190990990990991,0.001081081081081081,0.006846846846846847,0.65
65,0.972972972972973,0.0190990990990991,0.001081081081081081,0.006846846846846847,0.66
66,0.972972972972973,0.01945945945945946,0.001081081081081081,0.006486486486486486,0.67
67,0.972972972972973,0.01981981981981982,0.001081081081081081,0.006126126126126126,0.68
68,0.972972972972973,0.02054054054054054,0.001081081081081081,0.005405405405405406,0.69
69,0.972972972972973,0.02054054054054054,0.001081081081081081,0.005405405405405406,0.7
70,0.972972972972973,0.021261261261261263,0.001081081081081081,0.0046846846846846845,0.71
71,0.972972972972973,0.022342342342342343,0.001081081081081081,0.0036036036036036037,0.72
72,0.972972972972973,0.023063063063063063,0.001081081081081081,0.002882882882882883,0.73
73,0.972972972972973,0.023063063063063063,0.001081081081081081,0.002882882882882883,0.74
74,0.972972972972973,0.023063063063063063,0.001081081081081081,0.002882882882882883,0.75
75,0.972972972972973,0.023423423423423424,0.001081081081081081,0.0025225225225225223,0.76
76,0.972972972972973,0.023783783783783784,0.001081081081081081,0.002162162162162162,0.77
77,0.972972972972973,0.023783783783783784,0.001081081081081081,0.002162162162162162,0.78
78,0.972972972972973,0.023783783783783784,0.001081081081081081,0.002162162162162162,0.79
79,0.9733333333333334,0.024504504504504504,0.0007207207207207207,0.0014414414414414415,0.8
80,0.9733333333333334,0.024504504504504504,0.0007207207207207207,0.0014414414414414415,0.81
81,0.9733333333333334,0.024504504504504504,0.0007207207207207207,0.0014414414414414415,0.82
82,0.9733333333333334,0.024504504504504504,0.0007207207207207207,0.0014414414414414415,0.83
83,0.9733333333333334,0.025225225225225224,0.0007207207207207207,0.0007207207207207207,0.84
84,0.9733333333333334,0.025585585585585584,0.0007207207207207207,0.00036036036036036037,0.85
85,0.9733333333333334,0.025585585585585584,0.0007207207207207207,0.00036036036036036037,0.86
86,0.9733333333333334,0.025585585585585584,0.0007207207207207207,0.00036036036036036037,0.87
87,0.9736936936936937,0.025585585585585584,0.00036036036036036037,0.00036036036036036037,0.88
88,0.9736936936936937,0.025585585585585584,0.00036036036036036037,0.00036036036036036037,0.89
89,0.9736936936936937,0.025585585585585584,0.00036036036036036037,0.00036036036036036037,0.9
90,0.9736936936936937,0.025585585585585584,0.00036036036036036037,0.00036036036036036037,0.91
91,0.9736936936936937,0.025585585585585584,0.00036036036036036037,0.00036036036036036037,0.92
92,0.9740540540540541,0.025585585585585584,0.0,0.00036036036036036037,0.93
93,0.9740540540540541,0.025585585585585584,0.0,0.00036036036036036037,0.94
94,0.9740540540540541,0.025585585585585584,0.0,0.00036036036036036037,0.95
95,0.9740540540540541,0.025585585585585584,0.0,0.00036036036036036037,0.96
96,0.9740540540540541,0.025585585585585584,0.0,0.00036036036036036037,0.97
97,0.9740540540540541,0.025585585585585584,0.0,0.00036036036036036037,0.98
98,0.9740540540540541,0.025585585585585584,0.0,0.00036036036036036037,0.99
99,0.9740540540540541,0.025585585585585584,0.0,0.00036036036036036037,1.0
