,tn,fp,fn,tp,percentage
0,0.0007207207207207207,0.0,0.9733333333333334,0.025945945945945945,0.01
1,0.0014414414414414415,0.0,0.9726126126126126,0.025945945945945945,0.02
2,0.002162162162162162,0.0,0.9718918918918918,0.025945945945945945,0.03
3,0.003963963963963964,0.0,0.9700900900900901,0.025945945945945945,0.04
4,0.007207207207207207,0.0,0.9668468468468469,0.025945945945945945,0.05
5,0.007927927927927928,0.0,0.9661261261261261,0.025945945945945945,0.06
6,0.011531531531531532,0.0,0.9625225225225226,0.025945945945945945,0.07
7,0.014054054054054054,0.0,0.96,0.025945945945945945,0.08
8,0.020900900900900903,0.0,0.9531531531531532,0.025945945945945945,0.09
9,0.024504504504504504,0.0,0.9495495495495495,0.025945945945945945,0.1
10,0.033873873873873875,0.0,0.9401801801801801,0.025945945945945945,0.11
11,0.03855855855855856,0.0,0.9354954954954955,0.025945945945945945,0.12
12,0.05117117117117117,0.0,0.9228828828828829,0.025945945945945945,0.13
13,0.0590990990990991,0.0,0.9149549549549549,0.025945945945945945,0.14
14,0.0781981981981982,0.0,0.8958558558558558,0.025945945945945945,0.15
15,0.09081081081081081,0.0,0.8832432432432432,0.025945945945945945,0.16
16,0.09873873873873874,0.0,0.8753153153153154,0.025945945945945945,0.17
17,0.1181981981981982,0.0,0.8558558558558559,0.025945945945945945,0.18
18,0.1254054054054054,0.0,0.8486486486486486,0.025945945945945945,0.19
19,0.14414414414414414,0.0,0.8299099099099099,0.025945945945945945,0.2
20,0.15387387387387388,0.0,0.8201801801801801,0.025945945945945945,0.21
21,0.17333333333333334,0.0,0.8007207207207208,0.025945945945945945,0.22
22,0.18414414414414415,0.0,0.78990990990991,0.025945945945945945,0.23
23,0.21297297297297296,0.0,0.7610810810810811,0.025945945945945945,0.24
24,0.2263063063063063,0.0,0.7477477477477478,0.025945945945945945,0.25
25,0.252972972972973,0.0,0.721081081081081,0.025945945945945945,0.26
26,0.26990990990990993,0.0,0.7041441441441442,0.025945945945945945,0.27
27,0.298018018018018,0.00036036036036036037,0.676036036036036,0.025585585585585584,0.28
28,0.31747747747747745,0.00036036036036036037,0.6565765765765765,0.025585585585585584,0.29
29,0.35135135135135137,0.00036036036036036037,0.6227027027027027,0.025585585585585584,0.3
30,0.37045045045045044,0.00036036036036036037,0.6036036036036037,0.025585585585585584,0.31
31,0.4,0.00036036036036036037,0.5740540540540541,0.025585585585585584,0.32
32,0.41945945945945945,0.00036036036036036037,0.5545945945945946,0.025585585585585584,0.33
33,0.44144144144144143,0.0007207207207207207,0.5326126126126126,0.025225225225225224,0.34
34,0.4727927927927928,0.0007207207207207207,0.5012612612612612,0.025225225225225224,0.35
35,0.4875675675675676,0.0007207207207207207,0.4864864864864865,0.025225225225225224,0.36
36,0.5286486486486487,0.0007207207207207207,0.4454054054054054,0.025225225225225224,0.37
37,0.5473873873873873,0.0007207207207207207,0.4266666666666667,0.025225225225225224,0.38
38,0.5841441441441442,0.0007207207207207207,0.3899099099099099,0.025225225225225224,0.39
39,0.596036036036036,0.0007207207207207207,0.37801801801801804,0.025225225225225224,0.4
40,0.64,0.0007207207207207207,0.33405405405405403,0.025225225225225224,0.41
41,0.6572972972972972,0.0007207207207207207,0.31675675675675674,0.025225225225225224,0.42
42,0.6897297297297297,0.0007207207207207207,0.2843243243243243,0.025225225225225224,0.43
43,0.705945945945946,0.0007207207207207207,0.2681081081081081,0.025225225225225224,0.44
44,0.7358558558558559,0.0007207207207207207,0.2381981981981982,0.025225225225225224,0.45
45,0.7495495495495496,0.0007207207207207207,0.22450450450450452,0.025225225225225224,0.46
46,0.7765765765765765,0.0007207207207207207,0.1974774774774775,0.025225225225225224,0.47
47,0.7884684684684685,0.0007207207207207207,0.18558558558558558,0.025225225225225224,0.48
48,0.8126126126126126,0.0007207207207207207,0.16144144144144143,0.025225225225225224,0.49
49,0.8263063063063063,0.001081081081081081,0.14774774774774774,0.024864864864864864,0.5
50,0.8345945945945946,0.0018018018018018018,0.13945945945945945,0.024144144144144144,0.51
51,0.8518918918918919,0.0018018018018018018,0.12216216216216216,0.024144144144144144,0.52
52,0.8590990990990991,0.002162162162162162,0.11495495495495496,0.023783783783783784,0.53
53,0.8792792792792793,0.0025225225225225223,0.09477477477477478,0.023423423423423424,0.54
54,0.8857657657657657,0.002882882882882883,0.08828828828828829,0.023063063063063063,0.55
55,0.8998198198198198,0.003243243243243243,0.07423423423423424,0.022702702702702703,0.56
56,0.9066666666666666,0.003243243243243243,0.06738738738738739,0.022702702702702703,0.57
57,0.9138738738738739,0.003963963963963964,0.06018018018018018,0.021981981981981983,0.58
58,0.9221621621621622,0.004324324324324324,0.05189189189189189,0.021621621621621623,0.59
59,0.9318918918918919,0.0046846846846846845,0.04216216216216216,0.021261261261261263,0.6
60,0.9354954954954955,0.0046846846846846845,0.03855855855855856,0.021261261261261263,0.61
61,0.9441441441441442,0.0046846846846846845,0.02990990990990991,0.021261261261261263,0.62
62,0.947027027027027,0.0046846846846846845,0.02702702702702703,0.021261261261261263,0.63
63,0.9535135135135135,0.005045045045045045,0.02054054054054054,0.020900900900900903,0.64
64,0.9556756756756757,0.005045045045045045,0.018378378378378378,0.020900900900900903,0.65
65,0.9596396396396396,0.006126126126126126,0.014414414414414415,0.01981981981981982,0.66
66,0.9614414414414414,0.006126126126126126,0.012612612612612612,0.01981981981981982,0.67
67,0.9636036036036036,0.006486486486486486,0.010450450450450451,0.01945945945945946,0.68
68,0.9668468468468469,0.006486486486486486,0.007207207207207207,0.01945945945945946,0.69
69,0.9675675675675676,0.006486486486486486,0.006486486486486486,0.01945945945945946,0.7
70,0.9693693693693693,0.006486486486486486,0.0046846846846846845,0.01945945945945946,0.71
71,0.9700900900900901,0.006486486486486486,0.003963963963963964,0.01945945945945946,0.72
72,0.9708108108108108,0.006486486486486486,0.003243243243243243,0.01945945945945946,0.73
73,0.9711711711711711,0.006486486486486486,0.002882882882882883,0.01945945945945946,0.74
74,0.9718918918918918,0.007927927927927928,0.002162162162162162,0.018018018018018018,0.75
75,0.9718918918918918,0.008288288288288289,0.002162162162162162,0.017657657657657658,0.76
76,0.9718918918918918,0.009369369369369369,0.002162162162162162,0.016576576576576577,0.77
77,0.9718918918918918,0.010450450450450451,0.002162162162162162,0.015495495495495495,0.78
78,0.9726126126126126,0.011891891891891892,0.0014414414414414415,0.014054054054054054,0.79
79,0.9726126126126126,0.012972972972972972,0.0014414414414414415,0.012972972972972972,0.8
80,0.972972972972973,0.013693693693693694,0.001081081081081081,0.012252252252252252,0.81
81,0.972972972972973,0.014054054054054054,0.001081081081081081,0.011891891891891892,0.82
82,0.972972972972973,0.014774774774774775,0.001081081081081081,0.011171171171171172,0.83
83,0.972972972972973,0.015135135135135135,0.001081081081081081,0.010810810810810811,0.84
84,0.972972972972973,0.016216216216216217,0.001081081081081081,0.00972972972972973,0.85
85,0.972972972972973,0.017297297297297298,0.001081081081081081,0.008648648648648649,0.86
86,0.9733333333333334,0.018738738738738738,0.0007207207207207207,0.007207207207207207,0.87
87,0.9733333333333334,0.021261261261261263,0.0007207207207207207,0.0046846846846846845,0.88
88,0.9733333333333334,0.021981981981981983,0.0007207207207207207,0.003963963963963964,0.89
89,0.9733333333333334,0.023423423423423424,0.0007207207207207207,0.0025225225225225223,0.9
90,0.9736936936936937,0.023423423423423424,0.00036036036036036037,0.0025225225225225223,0.91
91,0.9740540540540541,0.024144144144144144,0.0,0.0018018018018018018,0.92
92,0.9740540540540541,0.024144144144144144,0.0,0.0018018018018018018,0.93
93,0.9740540540540541,0.024864864864864864,0.0,0.001081081081081081,0.94
94,0.9740540540540541,0.024864864864864864,0.0,0.001081081081081081,0.95
95,0.9740540540540541,0.025225225225225224,0.0,0.0007207207207207207,0.96
96,0.9740540540540541,0.025225225225225224,0.0,0.0007207207207207207,0.97
97,0.9740540540540541,0.025585585585585584,0.0,0.00036036036036036037,0.98
98,0.9740540540540541,0.025585585585585584,0.0,0.00036036036036036037,0.99
99,0.9740540540540541,0.025945945945945945,0.0,0.0,1.0
