,tn,fp,fn,tp,percentage
0,0.00036036036036036037,0.0,0.9736936936936937,0.025945945945945945,0.01
1,0.00036036036036036037,0.0,0.9736936936936937,0.025945945945945945,0.02
2,0.0007207207207207207,0.0,0.9733333333333334,0.025945945945945945,0.03
3,0.0014414414414414415,0.0,0.9726126126126126,0.025945945945945945,0.04
4,0.0018018018018018018,0.0,0.9722522522522522,0.025945945945945945,0.05
5,0.002882882882882883,0.0,0.9711711711711711,0.025945945945945945,0.06
6,0.0036036036036036037,0.0,0.9704504504504504,0.025945945945945945,0.07
7,0.005765765765765766,0.0,0.9682882882882883,0.025945945945945945,0.08
8,0.008648648648648649,0.0,0.9654054054054054,0.025945945945945945,0.09
9,0.011531531531531532,0.0,0.9625225225225226,0.025945945945945945,0.1
10,0.015495495495495495,0.0,0.9585585585585585,0.025945945945945945,0.11
11,0.01981981981981982,0.0,0.9542342342342343,0.025945945945945945,0.12
12,0.025945945945945945,0.0,0.9481081081081081,0.025945945945945945,0.13
13,0.035315315315315315,0.0,0.9387387387387387,0.025945945945945945,0.14
14,0.03963963963963964,0.0,0.9344144144144144,0.025945945945945945,0.15
15,0.04828828828828829,0.0,0.9257657657657657,0.025945945945945945,0.16
16,0.05333333333333334,0.0,0.9207207207207208,0.025945945945945945,0.17
17,0.06342342342342343,0.0,0.9106306306306307,0.025945945945945945,0.18
18,0.07099099099099099,0.0,0.903063063063063,0.025945945945945945,0.19
19,0.08288288288288288,0.0,0.8911711711711712,0.025945945945945945,0.2
20,0.09621621621621622,0.0,0.8778378378378379,0.025945945945945945,0.21
21,0.10738738738738739,0.0,0.8666666666666667,0.025945945945945945,0.22
22,0.12108108108108108,0.0,0.8529729729729729,0.025945945945945945,0.23
23,0.13261261261261262,0.0,0.8414414414414414,0.025945945945945945,0.24
24,0.1499099099099099,0.0,0.8241441441441442,0.025945945945945945,0.25
25,0.16288288288288288,0.0,0.8111711711711712,0.025945945945945945,0.26
26,0.17765765765765765,0.0,0.7963963963963964,0.025945945945945945,0.27
27,0.1945945945945946,0.0,0.7794594594594595,0.025945945945945945,0.28
28,0.2036036036036036,0.0,0.7704504504504505,0.025945945945945945,0.29
29,0.21513513513513513,0.0,0.7589189189189189,0.025945945945945945,0.3
30,0.22954954954954954,0.0,0.7445045045045044,0.025945945945945945,0.31
31,0.24756756756756756,0.0,0.7264864864864865,0.025945945945945945,0.32
32,0.2648648648648649,0.0,0.7091891891891892,0.025945945945945945,0.33
33,0.27855855855855854,0.0,0.6954954954954955,0.025945945945945945,0.34
34,0.2936936936936937,0.0,0.6803603603603604,0.025945945945945945,0.35
35,0.30666666666666664,0.0,0.6673873873873873,0.025945945945945945,0.36
36,0.3225225225225225,0.0,0.6515315315315315,0.025945945945945945,0.37
37,0.33765765765765765,0.0,0.6363963963963964,0.025945945945945945,0.38
38,0.3527927927927928,0.0,0.6212612612612612,0.025945945945945945,0.39
39,0.3700900900900901,0.0,0.603963963963964,0.025945945945945945,0.4
40,0.38414414414414416,0.0,0.5899099099099099,0.025945945945945945,0.41
41,0.40216216216216216,0.00036036036036036037,0.5718918918918919,0.025585585585585584,0.42
42,0.41153153153153155,0.00036036036036036037,0.5625225225225226,0.025585585585585584,0.43
43,0.4299099099099099,0.00036036036036036037,0.5441441441441441,0.025585585585585584,0.44
44,0.44216216216216214,0.00036036036036036037,0.5318918918918919,0.025585585585585584,0.45
45,0.4590990990990991,0.00036036036036036037,0.5149549549549549,0.025585585585585584,0.46
46,0.47711711711711713,0.0007207207207207207,0.4969369369369369,0.025225225225225224,0.47
47,0.49873873873873875,0.0014414414414414415,0.4753153153153153,0.024504504504504504,0.48
48,0.5131531531531531,0.0018018018018018018,0.4609009009009009,0.024144144144144144,0.49
49,0.527927927927928,0.0018018018018018018,0.4461261261261261,0.024144144144144144,0.5
50,0.5427027027027027,0.0018018018018018018,0.43135135135135133,0.024144144144144144,0.51
51,0.5589189189189189,0.0018018018018018018,0.4151351351351351,0.024144144144144144,0.52
52,0.5776576576576576,0.0018018018018018018,0.3963963963963964,0.024144144144144144,0.53
53,0.5913513513513513,0.0018018018018018018,0.3827027027027027,0.024144144144144144,0.54
54,0.6108108108108108,0.0018018018018018018,0.36324324324324325,0.024144144144144144,0.55
55,0.6237837837837837,0.002162162162162162,0.35027027027027025,0.023783783783783784,0.56
56,0.6374774774774775,0.002882882882882883,0.3365765765765766,0.023063063063063063,0.57
57,0.6425225225225225,0.0036036036036036037,0.33153153153153153,0.022342342342342343,0.58
58,0.6576576576576577,0.0036036036036036037,0.3163963963963964,0.022342342342342343,0.59
59,0.6742342342342342,0.004324324324324324,0.2998198198198198,0.021621621621621623,0.6
60,0.6886486486486486,0.004324324324324324,0.28540540540540543,0.021621621621621623,0.61
61,0.7045045045045045,0.004324324324324324,0.26954954954954957,0.021621621621621623,0.62
62,0.7203603603603603,0.0046846846846846845,0.2536936936936937,0.021261261261261263,0.63
63,0.7409009009009009,0.0046846846846846845,0.23315315315315316,0.021261261261261263,0.64
64,0.7542342342342342,0.005045045045045045,0.21981981981981982,0.020900900900900903,0.65
65,0.765045045045045,0.005405405405405406,0.209009009009009,0.02054054054054054,0.66
66,0.7816216216216216,0.005765765765765766,0.19243243243243244,0.02018018018018018,0.67
67,0.7953153153153153,0.006486486486486486,0.17873873873873874,0.01945945945945946,0.68
68,0.8086486486486486,0.006486486486486486,0.1654054054054054,0.01945945945945946,0.69
69,0.8198198198198198,0.006846846846846847,0.15423423423423424,0.0190990990990991,0.7
70,0.8327927927927928,0.006846846846846847,0.14126126126126126,0.0190990990990991,0.71
71,0.8389189189189189,0.007207207207207207,0.13513513513513514,0.018738738738738738,0.72
72,0.8493693693693694,0.007207207207207207,0.12468468468468469,0.018738738738738738,0.73
73,0.8594594594594595,0.007207207207207207,0.11459459459459459,0.018738738738738738,0.74
74,0.8695495495495495,0.007207207207207207,0.1045045045045045,0.018738738738738738,0.75
75,0.88,0.0075675675675675675,0.09405405405405405,0.018378378378378378,0.76
76,0.8897297297297297,0.008288288288288289,0.08432432432432432,0.017657657657657658,0.77
77,0.8987387387387388,0.008648648648648649,0.07531531531531531,0.017297297297297298,0.78
78,0.9055855855855856,0.009369369369369369,0.06846846846846846,0.016576576576576577,0.79
79,0.9127927927927928,0.00972972972972973,0.06126126126126126,0.016216216216216217,0.8
80,0.9236036036036036,0.011171171171171172,0.05045045045045045,0.014774774774774775,0.81
81,0.9315315315315316,0.011891891891891892,0.042522522522522525,0.014054054054054054,0.82
82,0.9383783783783783,0.012612612612612612,0.03567567567567568,0.013333333333333334,0.83
83,0.9448648648648649,0.012612612612612612,0.02918918918918919,0.013333333333333334,0.84
84,0.9477477477477477,0.012972972972972972,0.026306306306306305,0.012972972972972972,0.85
85,0.9513513513513514,0.013333333333333334,0.022702702702702703,0.012612612612612612,0.86
86,0.9553153153153153,0.013693693693693694,0.018738738738738738,0.012252252252252252,0.87
87,0.9589189189189189,0.015495495495495495,0.015135135135135135,0.010450450450450451,0.88
88,0.9628828828828829,0.015855855855855857,0.011171171171171172,0.01009009009009009,0.89
89,0.9657657657657658,0.016216216216216217,0.008288288288288289,0.00972972972972973,0.9
90,0.9682882882882883,0.016936936936936937,0.005765765765765766,0.009009009009009009,0.91
91,0.9708108108108108,0.018018018018018018,0.003243243243243243,0.007927927927927928,0.92
92,0.9718918918918918,0.01945945945945946,0.002162162162162162,0.006486486486486486,0.93
93,0.9722522522522522,0.01981981981981982,0.0018018018018018018,0.006126126126126126,0.94
94,0.9733333333333334,0.020900900900900903,0.0007207207207207207,0.005045045045045045,0.95
95,0.9736936936936937,0.022702702702702703,0.00036036036036036037,0.003243243243243243,0.96
96,0.9740540540540541,0.024144144144144144,0.0,0.0018018018018018018,0.97
97,0.9740540540540541,0.024504504504504504,0.0,0.0014414414414414415,0.98
98,0.9740540540540541,0.025585585585585584,0.0,0.00036036036036036037,0.99
99,0.9740540540540541,0.025585585585585584,0.0,0.00036036036036036037,1.0
