,tn,fp,fn,tp,percentage
0,0.0007207207207207207,0.0,0.9733333333333334,0.025945945945945945,0.01
1,0.0007207207207207207,0.0,0.9733333333333334,0.025945945945945945,0.02
2,0.0007207207207207207,0.0,0.9733333333333334,0.025945945945945945,0.03
3,0.001081081081081081,0.0,0.972972972972973,0.025945945945945945,0.04
4,0.002882882882882883,0.0,0.9711711711711711,0.025945945945945945,0.05
5,0.003963963963963964,0.0,0.9700900900900901,0.025945945945945945,0.06
6,0.005045045045045045,0.0,0.969009009009009,0.025945945945945945,0.07
7,0.006486486486486486,0.0,0.9675675675675676,0.025945945945945945,0.08
8,0.008648648648648649,0.0,0.9654054054054054,0.025945945945945945,0.09
9,0.011171171171171172,0.0,0.9628828828828829,0.025945945945945945,0.1
10,0.017297297297297298,0.0,0.9567567567567568,0.025945945945945945,0.11
11,0.03099099099099099,0.0,0.9430630630630631,0.025945945945945945,0.12
12,0.04144144144144144,0.0,0.9326126126126126,0.025945945945945945,0.13
13,0.05369369369369369,0.0,0.9203603603603604,0.025945945945945945,0.14
14,0.06738738738738739,0.0,0.9066666666666666,0.025945945945945945,0.15
15,0.08108108108108109,0.0,0.892972972972973,0.025945945945945945,0.16
16,0.10126126126126127,0.0,0.8727927927927928,0.025945945945945945,0.17
17,0.12216216216216216,0.0,0.8518918918918919,0.025945945945945945,0.18
18,0.1545945945945946,0.0,0.8194594594594594,0.025945945945945945,0.19
19,0.17585585585585586,0.0,0.7981981981981981,0.025945945945945945,0.2
20,0.20936936936936937,0.0,0.7646846846846846,0.025945945945945945,0.21
21,0.2472072072072072,0.0,0.7268468468468469,0.025945945945945945,0.22
22,0.32576576576576577,0.0,0.6482882882882883,0.025945945945945945,0.23
23,0.369009009009009,0.0,0.6050450450450451,0.025945945945945945,0.24
24,0.4111711711711712,0.0,0.5628828828828829,0.025945945945945945,0.25
25,0.46054054054054056,0.0,0.5135135135135135,0.025945945945945945,0.26
26,0.5073873873873874,0.0,0.4666666666666667,0.025945945945945945,0.27
27,0.5513513513513514,0.0,0.4227027027027027,0.025945945945945945,0.28
28,0.592072072072072,0.0,0.38198198198198197,0.025945945945945945,0.29
29,0.6367567567567568,0.0,0.3372972972972973,0.025945945945945945,0.3
30,0.6717117117117117,0.0,0.30234234234234236,0.025945945945945945,0.31
31,0.701981981981982,0.0,0.27207207207207207,0.025945945945945945,0.32
32,0.7336936936936936,0.0,0.24036036036036035,0.025945945945945945,0.33
33,0.7927927927927928,0.0,0.18126126126126127,0.025945945945945945,0.34
34,0.8154954954954955,0.00036036036036036037,0.15855855855855855,0.025585585585585584,0.35
35,0.8374774774774775,0.00036036036036036037,0.13657657657657657,0.025585585585585584,0.36
36,0.8554954954954955,0.00036036036036036037,0.11855855855855855,0.025585585585585584,0.37
37,0.8821621621621621,0.00036036036036036037,0.0918918918918919,0.025585585585585584,0.38
38,0.8965765765765765,0.00036036036036036037,0.07747747747747748,0.025585585585585584,0.39
39,0.9095495495495496,0.00036036036036036037,0.0645045045045045,0.025585585585585584,0.4
40,0.9185585585585586,0.00036036036036036037,0.0554954954954955,0.025585585585585584,0.41
41,0.9279279279279279,0.00036036036036036037,0.04612612612612613,0.025585585585585584,0.42
42,0.9372972972972973,0.00036036036036036037,0.036756756756756756,0.025585585585585584,0.43
43,0.9466666666666667,0.00036036036036036037,0.02738738738738739,0.025585585585585584,0.44
44,0.9571171171171171,0.001081081081081081,0.016936936936936937,0.024864864864864864,0.45
45,0.9618018018018017,0.0014414414414414415,0.012252252252252252,0.024504504504504504,0.46
46,0.9632432432432433,0.0018018018018018018,0.010810810810810811,0.024144144144144144,0.47
47,0.9643243243243244,0.0018018018018018018,0.00972972972972973,0.024144144144144144,0.48
48,0.9664864864864865,0.002162162162162162,0.0075675675675675675,0.023783783783783784,0.49
49,0.9679279279279279,0.002162162162162162,0.006126126126126126,0.023783783783783784,0.5
50,0.9686486486486486,0.0025225225225225223,0.005405405405405406,0.023423423423423424,0.51
51,0.9697297297297297,0.002882882882882883,0.004324324324324324,0.023063063063063063,0.52
52,0.9697297297297297,0.002882882882882883,0.004324324324324324,0.023063063063063063,0.53
53,0.9704504504504504,0.003243243243243243,0.0036036036036036037,0.022702702702702703,0.54
54,0.9708108108108108,0.0036036036036036037,0.003243243243243243,0.022342342342342343,0.55
55,0.9718918918918918,0.006126126126126126,0.002162162162162162,0.01981981981981982,0.56
56,0.9722522522522522,0.006126126126126126,0.0018018018018018018,0.01981981981981982,0.57
57,0.9726126126126126,0.006126126126126126,0.0014414414414414415,0.01981981981981982,0.58
58,0.9726126126126126,0.006486486486486486,0.0014414414414414415,0.01945945945945946,0.59
59,0.9726126126126126,0.006846846846846847,0.0014414414414414415,0.0190990990990991,0.6
60,0.9726126126126126,0.006846846846846847,0.0014414414414414415,0.0190990990990991,0.61
61,0.9726126126126126,0.007207207207207207,0.0014414414414414415,0.018738738738738738,0.62
62,0.972972972972973,0.007927927927927928,0.001081081081081081,0.018018018018018018,0.63
63,0.972972972972973,0.008288288288288289,0.001081081081081081,0.017657657657657658,0.64
64,0.972972972972973,0.009369369369369369,0.001081081081081081,0.016576576576576577,0.65
65,0.972972972972973,0.01009009009009009,0.001081081081081081,0.015855855855855857,0.66
66,0.972972972972973,0.011891891891891892,0.001081081081081081,0.014054054054054054,0.67
67,0.972972972972973,0.013333333333333334,0.001081081081081081,0.012612612612612612,0.68
68,0.972972972972973,0.014054054054054054,0.001081081081081081,0.011891891891891892,0.69
69,0.972972972972973,0.014414414414414415,0.001081081081081081,0.011531531531531532,0.7
70,0.972972972972973,0.015135135135135135,0.001081081081081081,0.010810810810810811,0.71
71,0.972972972972973,0.016216216216216217,0.001081081081081081,0.00972972972972973,0.72
72,0.972972972972973,0.016936936936936937,0.001081081081081081,0.009009009009009009,0.73
73,0.972972972972973,0.017657657657657658,0.001081081081081081,0.008288288288288289,0.74
74,0.972972972972973,0.0190990990990991,0.001081081081081081,0.006846846846846847,0.75
75,0.972972972972973,0.01981981981981982,0.001081081081081081,0.006126126126126126,0.76
76,0.972972972972973,0.02054054054054054,0.001081081081081081,0.005405405405405406,0.77
77,0.972972972972973,0.020900900900900903,0.001081081081081081,0.005045045045045045,0.78
78,0.972972972972973,0.021261261261261263,0.001081081081081081,0.0046846846846846845,0.79
79,0.972972972972973,0.021621621621621623,0.001081081081081081,0.004324324324324324,0.8
80,0.972972972972973,0.022342342342342343,0.001081081081081081,0.0036036036036036037,0.81
81,0.9733333333333334,0.022702702702702703,0.0007207207207207207,0.003243243243243243,0.82
82,0.9733333333333334,0.023063063063063063,0.0007207207207207207,0.002882882882882883,0.83
83,0.9733333333333334,0.024504504504504504,0.0007207207207207207,0.0014414414414414415,0.84
84,0.9733333333333334,0.024504504504504504,0.0007207207207207207,0.0014414414414414415,0.85
85,0.9733333333333334,0.024504504504504504,0.0007207207207207207,0.0014414414414414415,0.86
86,0.9733333333333334,0.024504504504504504,0.0007207207207207207,0.0014414414414414415,0.87
87,0.9733333333333334,0.024864864864864864,0.0007207207207207207,0.001081081081081081,0.88
88,0.9740540540540541,0.025585585585585584,0.0,0.00036036036036036037,0.89
89,0.9740540540540541,0.025585585585585584,0.0,0.00036036036036036037,0.9
90,0.9740540540540541,0.025585585585585584,0.0,0.00036036036036036037,0.91
91,0.9740540540540541,0.025585585585585584,0.0,0.00036036036036036037,0.92
92,0.9740540540540541,0.025585585585585584,0.0,0.00036036036036036037,0.93
93,0.9740540540540541,0.025585585585585584,0.0,0.00036036036036036037,0.94
94,0.9740540540540541,0.025585585585585584,0.0,0.00036036036036036037,0.95
95,0.9740540540540541,0.025585585585585584,0.0,0.00036036036036036037,0.96
96,0.9740540540540541,0.025585585585585584,0.0,0.00036036036036036037,0.97
97,0.9740540540540541,0.025585585585585584,0.0,0.00036036036036036037,0.98
98,0.9740540540540541,0.025585585585585584,0.0,0.00036036036036036037,0.99
99,0.9740540540540541,0.025585585585585584,0.0,0.00036036036036036037,1.0
