,tn,fp,fn,tp,percentage
0,0.0007207207207207207,0.0,0.9733333333333334,0.025945945945945945,0.01
1,0.0018018018018018018,0.0,0.9722522522522522,0.025945945945945945,0.02
2,0.002882882882882883,0.0,0.9711711711711711,0.025945945945945945,0.03
3,0.003243243243243243,0.0,0.9708108108108108,0.025945945945945945,0.04
4,0.005405405405405406,0.0,0.9686486486486486,0.025945945945945945,0.05
5,0.006846846846846847,0.0,0.9672072072072072,0.025945945945945945,0.06
6,0.009009009009009009,0.0,0.9650450450450451,0.025945945945945945,0.07
7,0.014054054054054054,0.0,0.96,0.025945945945945945,0.08
8,0.01945945945945946,0.0,0.9545945945945946,0.025945945945945945,0.09
9,0.03027027027027027,0.0,0.9437837837837838,0.025945945945945945,0.1
10,0.042522522522522525,0.0,0.9315315315315316,0.025945945945945945,0.11
11,0.05405405405405406,0.0,0.92,0.025945945945945945,0.12
12,0.07423423423423424,0.0,0.8998198198198198,0.025945945945945945,0.13
13,0.09513513513513513,0.0,0.8789189189189189,0.025945945945945945,0.14
14,0.1163963963963964,0.0,0.8576576576576577,0.025945945945945945,0.15
15,0.14594594594594595,0.0,0.8281081081081081,0.025945945945945945,0.16
16,0.17801801801801803,0.0,0.796036036036036,0.025945945945945945,0.17
17,0.21117117117117118,0.0,0.7628828828828829,0.025945945945945945,0.18
18,0.25513513513513514,0.0,0.7189189189189189,0.025945945945945945,0.19
19,0.298018018018018,0.0,0.676036036036036,0.025945945945945945,0.2
20,0.34702702702702704,0.0,0.6270270270270271,0.025945945945945945,0.21
21,0.40144144144144145,0.0,0.5726126126126126,0.025945945945945945,0.22
22,0.44504504504504505,0.0,0.529009009009009,0.025945945945945945,0.23
23,0.5001801801801802,0.0,0.47387387387387386,0.025945945945945945,0.24
24,0.5502702702702703,0.0,0.4237837837837838,0.025945945945945945,0.25
25,0.5978378378378378,0.0,0.3762162162162162,0.025945945945945945,0.26
26,0.6482882882882883,0.0,0.32576576576576577,0.025945945945945945,0.27
27,0.6882882882882883,0.0,0.2857657657657658,0.025945945945945945,0.28
28,0.7250450450450451,0.0,0.24900900900900902,0.025945945945945945,0.29
29,0.7585585585585586,0.0,0.2154954954954955,0.025945945945945945,0.3
30,0.7891891891891892,0.0,0.18486486486486486,0.025945945945945945,0.31
31,0.8194594594594594,0.00036036036036036037,0.1545945945945946,0.025585585585585584,0.32
32,0.8407207207207207,0.00036036036036036037,0.13333333333333333,0.025585585585585584,0.33
33,0.8637837837837837,0.00036036036036036037,0.11027027027027027,0.025585585585585584,0.34
34,0.8832432432432432,0.00036036036036036037,0.09081081081081081,0.025585585585585584,0.35
35,0.9001801801801802,0.00036036036036036037,0.07387387387387387,0.025585585585585584,0.36
36,0.9167567567567567,0.00036036036036036037,0.057297297297297295,0.025585585585585584,0.37
37,0.9279279279279279,0.00036036036036036037,0.04612612612612613,0.025585585585585584,0.38
38,0.9376576576576576,0.00036036036036036037,0.0363963963963964,0.025585585585585584,0.39
39,0.9459459459459459,0.001081081081081081,0.02810810810810811,0.024864864864864864,0.4
40,0.9535135135135135,0.0014414414414414415,0.02054054054054054,0.024504504504504504,0.41
41,0.9581981981981982,0.0014414414414414415,0.015855855855855857,0.024504504504504504,0.42
42,0.9621621621621622,0.0018018018018018018,0.011891891891891892,0.024144144144144144,0.43
43,0.963963963963964,0.0018018018018018018,0.01009009009009009,0.024144144144144144,0.44
44,0.9657657657657658,0.0018018018018018018,0.008288288288288289,0.024144144144144144,0.45
45,0.9668468468468469,0.002162162162162162,0.007207207207207207,0.023783783783783784,0.46
46,0.9679279279279279,0.0025225225225225223,0.006126126126126126,0.023423423423423424,0.47
47,0.9682882882882883,0.002882882882882883,0.005765765765765766,0.023063063063063063,0.48
48,0.9697297297297297,0.003243243243243243,0.004324324324324324,0.022702702702702703,0.49
49,0.9708108108108108,0.0036036036036036037,0.003243243243243243,0.022342342342342343,0.5
50,0.9708108108108108,0.003963963963963964,0.003243243243243243,0.021981981981981983,0.51
51,0.9708108108108108,0.0046846846846846845,0.003243243243243243,0.021261261261261263,0.52
52,0.9711711711711711,0.005045045045045045,0.002882882882882883,0.020900900900900903,0.53
53,0.9722522522522522,0.006486486486486486,0.0018018018018018018,0.01945945945945946,0.54
54,0.9726126126126126,0.006486486486486486,0.0014414414414414415,0.01945945945945946,0.55
55,0.9726126126126126,0.006486486486486486,0.0014414414414414415,0.01945945945945946,0.56
56,0.9726126126126126,0.006846846846846847,0.0014414414414414415,0.0190990990990991,0.57
57,0.9726126126126126,0.007927927927927928,0.0014414414414414415,0.018018018018018018,0.58
58,0.9726126126126126,0.008288288288288289,0.0014414414414414415,0.017657657657657658,0.59
59,0.9726126126126126,0.009009009009009009,0.0014414414414414415,0.016936936936936937,0.6
60,0.9726126126126126,0.009009009009009009,0.0014414414414414415,0.016936936936936937,0.61
61,0.972972972972973,0.01009009009009009,0.001081081081081081,0.015855855855855857,0.62
62,0.972972972972973,0.010810810810810811,0.001081081081081081,0.015135135135135135,0.63
63,0.972972972972973,0.011891891891891892,0.001081081081081081,0.014054054054054054,0.64
64,0.972972972972973,0.013693693693693694,0.001081081081081081,0.012252252252252252,0.65
65,0.972972972972973,0.014414414414414415,0.001081081081081081,0.011531531531531532,0.66
66,0.972972972972973,0.015135135135135135,0.001081081081081081,0.010810810810810811,0.67
67,0.972972972972973,0.016216216216216217,0.001081081081081081,0.00972972972972973,0.68
68,0.972972972972973,0.016576576576576577,0.001081081081081081,0.009369369369369369,0.69
69,0.972972972972973,0.017297297297297298,0.001081081081081081,0.008648648648648649,0.7
70,0.972972972972973,0.017657657657657658,0.001081081081081081,0.008288288288288289,0.71
71,0.972972972972973,0.018018018018018018,0.001081081081081081,0.007927927927927928,0.72
72,0.972972972972973,0.0190990990990991,0.001081081081081081,0.006846846846846847,0.73
73,0.972972972972973,0.02018018018018018,0.001081081081081081,0.005765765765765766,0.74
74,0.972972972972973,0.021261261261261263,0.001081081081081081,0.0046846846846846845,0.75
75,0.972972972972973,0.021621621621621623,0.001081081081081081,0.004324324324324324,0.76
76,0.972972972972973,0.022342342342342343,0.001081081081081081,0.0036036036036036037,0.77
77,0.972972972972973,0.022702702702702703,0.001081081081081081,0.003243243243243243,0.78
78,0.9733333333333334,0.022702702702702703,0.0007207207207207207,0.003243243243243243,0.79
79,0.9733333333333334,0.022702702702702703,0.0007207207207207207,0.003243243243243243,0.8
80,0.9733333333333334,0.023063063063063063,0.0007207207207207207,0.002882882882882883,0.81
81,0.9733333333333334,0.023423423423423424,0.0007207207207207207,0.0025225225225225223,0.82
82,0.9733333333333334,0.023783783783783784,0.0007207207207207207,0.002162162162162162,0.83
83,0.9733333333333334,0.024504504504504504,0.0007207207207207207,0.0014414414414414415,0.84
84,0.9733333333333334,0.024864864864864864,0.0007207207207207207,0.001081081081081081,0.85
85,0.9733333333333334,0.024864864864864864,0.0007207207207207207,0.001081081081081081,0.86
86,0.9733333333333334,0.024864864864864864,0.0007207207207207207,0.001081081081081081,0.87
87,0.9733333333333334,0.025585585585585584,0.0007207207207207207,0.00036036036036036037,0.88
88,0.9736936936936937,0.025585585585585584,0.00036036036036036037,0.00036036036036036037,0.89
89,0.9740540540540541,0.025585585585585584,0.0,0.00036036036036036037,0.9
90,0.9740540540540541,0.025585585585585584,0.0,0.00036036036036036037,0.91
91,0.9740540540540541,0.025585585585585584,0.0,0.00036036036036036037,0.92
92,0.9740540540540541,0.025585585585585584,0.0,0.00036036036036036037,0.93
93,0.9740540540540541,0.025585585585585584,0.0,0.00036036036036036037,0.94
94,0.9740540540540541,0.025585585585585584,0.0,0.00036036036036036037,0.95
95,0.9740540540540541,0.025585585585585584,0.0,0.00036036036036036037,0.96
96,0.9740540540540541,0.025585585585585584,0.0,0.00036036036036036037,0.97
97,0.9740540540540541,0.025585585585585584,0.0,0.00036036036036036037,0.98
98,0.9740540540540541,0.025585585585585584,0.0,0.00036036036036036037,0.99
99,0.9740540540540541,0.025585585585585584,0.0,0.00036036036036036037,1.0
