,tn,fp,fn,tp,percentage
0,0.00036036036036036037,0.0,0.9736936936936937,0.025945945945945945,0.01
1,0.0007207207207207207,0.0,0.9733333333333334,0.025945945945945945,0.02
2,0.0018018018018018018,0.0,0.9722522522522522,0.025945945945945945,0.03
3,0.003243243243243243,0.0,0.9708108108108108,0.025945945945945945,0.04
4,0.004324324324324324,0.0,0.9697297297297297,0.025945945945945945,0.05
5,0.005765765765765766,0.0,0.9682882882882883,0.025945945945945945,0.06
6,0.007207207207207207,0.0,0.9668468468468469,0.025945945945945945,0.07
7,0.010810810810810811,0.0,0.9632432432432433,0.025945945945945945,0.08
8,0.016216216216216217,0.0,0.9578378378378378,0.025945945945945945,0.09
9,0.023423423423423424,0.0,0.9506306306306306,0.025945945945945945,0.1
10,0.03891891891891892,0.0,0.9351351351351351,0.025945945945945945,0.11
11,0.055135135135135134,0.0,0.918918918918919,0.025945945945945945,0.12
12,0.07495495495495495,0.0,0.8990990990990991,0.025945945945945945,0.13
13,0.09549549549549549,0.0,0.8785585585585586,0.025945945945945945,0.14
14,0.12288288288288288,0.0,0.8511711711711711,0.025945945945945945,0.15
15,0.1535135135135135,0.0,0.8205405405405405,0.025945945945945945,0.16
16,0.1891891891891892,0.0,0.7848648648648648,0.025945945945945945,0.17
17,0.22882882882882882,0.0,0.7452252252252253,0.025945945945945945,0.18
18,0.2781981981981982,0.0,0.6958558558558559,0.025945945945945945,0.19
19,0.32684684684684684,0.0,0.6472072072072073,0.025945945945945945,0.2
20,0.3845045045045045,0.0,0.5895495495495495,0.025945945945945945,0.21
21,0.4461261261261261,0.0,0.527927927927928,0.025945945945945945,0.22
22,0.49513513513513513,0.0,0.4789189189189189,0.025945945945945945,0.23
23,0.5477477477477477,0.0,0.4263063063063063,0.025945945945945945,0.24
24,0.5477477477477477,0.0,0.4263063063063063,0.025945945945945945,0.25
25,0.603963963963964,0.0,0.3700900900900901,0.025945945945945945,0.26
26,0.6572972972972972,0.0,0.31675675675675674,0.025945945945945945,0.27
27,0.7034234234234235,0.0,0.27063063063063064,0.025945945945945945,0.28
28,0.7434234234234234,0.0,0.23063063063063063,0.025945945945945945,0.29
29,0.7751351351351351,0.0,0.1989189189189189,0.025945945945945945,0.3
30,0.8079279279279279,0.00036036036036036037,0.16612612612612612,0.025585585585585584,0.31
31,0.834954954954955,0.00036036036036036037,0.1390990990990991,0.025585585585585584,0.32
32,0.8576576576576577,0.00036036036036036037,0.1163963963963964,0.025585585585585584,0.33
33,0.8781981981981982,0.00036036036036036037,0.09585585585585586,0.025585585585585584,0.34
34,0.9016216216216216,0.00036036036036036037,0.07243243243243243,0.025585585585585584,0.35
35,0.9142342342342342,0.00036036036036036037,0.05981981981981982,0.025585585585585584,0.36
36,0.9279279279279279,0.0007207207207207207,0.04612612612612613,0.025225225225225224,0.37
37,0.9405405405405406,0.0007207207207207207,0.03351351351351351,0.025225225225225224,0.38
38,0.9495495495495495,0.001081081081081081,0.024504504504504504,0.024864864864864864,0.39
39,0.9563963963963964,0.0014414414414414415,0.017657657657657658,0.024504504504504504,0.4
40,0.9596396396396396,0.0014414414414414415,0.014414414414414415,0.024504504504504504,0.41
41,0.9632432432432433,0.0018018018018018018,0.010810810810810811,0.024144144144144144,0.42
42,0.9657657657657658,0.002162162162162162,0.008288288288288289,0.023783783783783784,0.43
43,0.9668468468468469,0.002162162162162162,0.007207207207207207,0.023783783783783784,0.44
44,0.9668468468468469,0.0025225225225225223,0.007207207207207207,0.023423423423423424,0.45
45,0.9682882882882883,0.002882882882882883,0.005765765765765766,0.023063063063063063,0.46
46,0.9697297297297297,0.003243243243243243,0.004324324324324324,0.022702702702702703,0.47
47,0.9700900900900901,0.003963963963963964,0.003963963963963964,0.021981981981981983,0.48
48,0.9708108108108108,0.004324324324324324,0.003243243243243243,0.021621621621621623,0.49
49,0.9708108108108108,0.004324324324324324,0.003243243243243243,0.021621621621621623,0.5
50,0.9711711711711711,0.004324324324324324,0.002882882882882883,0.021621621621621623,0.51
51,0.9711711711711711,0.005405405405405406,0.002882882882882883,0.02054054054054054,0.52
52,0.9722522522522522,0.005765765765765766,0.0018018018018018018,0.02018018018018018,0.53
53,0.9726126126126126,0.006486486486486486,0.0014414414414414415,0.01945945945945946,0.54
54,0.9726126126126126,0.006486486486486486,0.0014414414414414415,0.01945945945945946,0.55
55,0.9726126126126126,0.006846846846846847,0.0014414414414414415,0.0190990990990991,0.56
56,0.9726126126126126,0.007207207207207207,0.0014414414414414415,0.018738738738738738,0.57
57,0.9726126126126126,0.007927927927927928,0.0014414414414414415,0.018018018018018018,0.58
58,0.9726126126126126,0.009009009009009009,0.0014414414414414415,0.016936936936936937,0.59
59,0.9726126126126126,0.01009009009009009,0.0014414414414414415,0.015855855855855857,0.6
60,0.9726126126126126,0.010810810810810811,0.0014414414414414415,0.015135135135135135,0.61
61,0.972972972972973,0.012252252252252252,0.001081081081081081,0.013693693693693694,0.62
62,0.972972972972973,0.012612612612612612,0.001081081081081081,0.013333333333333334,0.63
63,0.972972972972973,0.013693693693693694,0.001081081081081081,0.012252252252252252,0.64
64,0.972972972972973,0.014414414414414415,0.001081081081081081,0.011531531531531532,0.65
65,0.972972972972973,0.015135135135135135,0.001081081081081081,0.010810810810810811,0.66
66,0.972972972972973,0.016216216216216217,0.001081081081081081,0.00972972972972973,0.67
67,0.972972972972973,0.017657657657657658,0.001081081081081081,0.008288288288288289,0.68
68,0.972972972972973,0.018738738738738738,0.001081081081081081,0.007207207207207207,0.69
69,0.972972972972973,0.018738738738738738,0.001081081081081081,0.007207207207207207,0.7
70,0.972972972972973,0.01981981981981982,0.001081081081081081,0.006126126126126126,0.71
71,0.972972972972973,0.020900900900900903,0.001081081081081081,0.005045045045045045,0.72
72,0.972972972972973,0.021261261261261263,0.001081081081081081,0.0046846846846846845,0.73
73,0.972972972972973,0.021621621621621623,0.001081081081081081,0.004324324324324324,0.74
74,0.972972972972973,0.021621621621621623,0.001081081081081081,0.004324324324324324,0.75
75,0.972972972972973,0.022342342342342343,0.001081081081081081,0.0036036036036036037,0.76
76,0.972972972972973,0.022702702702702703,0.001081081081081081,0.003243243243243243,0.77
77,0.972972972972973,0.022702702702702703,0.001081081081081081,0.003243243243243243,0.78
78,0.9733333333333334,0.022702702702702703,0.0007207207207207207,0.003243243243243243,0.79
79,0.9733333333333334,0.022702702702702703,0.0007207207207207207,0.003243243243243243,0.8
80,0.9733333333333334,0.023423423423423424,0.0007207207207207207,0.0025225225225225223,0.81
81,0.9733333333333334,0.024144144144144144,0.0007207207207207207,0.0018018018018018018,0.82
82,0.9733333333333334,0.024144144144144144,0.0007207207207207207,0.0018018018018018018,0.83
83,0.9733333333333334,0.024504504504504504,0.0007207207207207207,0.0014414414414414415,0.84
84,0.9733333333333334,0.025585585585585584,0.0007207207207207207,0.00036036036036036037,0.85
85,0.9733333333333334,0.025585585585585584,0.0007207207207207207,0.00036036036036036037,0.86
86,0.9733333333333334,0.025585585585585584,0.0007207207207207207,0.00036036036036036037,0.87
87,0.9736936936936937,0.025585585585585584,0.00036036036036036037,0.00036036036036036037,0.88
88,0.9736936936936937,0.025585585585585584,0.00036036036036036037,0.00036036036036036037,0.89
89,0.9736936936936937,0.025585585585585584,0.00036036036036036037,0.00036036036036036037,0.9
90,0.9740540540540541,0.025585585585585584,0.0,0.00036036036036036037,0.91
91,0.9740540540540541,0.025585585585585584,0.0,0.00036036036036036037,0.92
92,0.9740540540540541,0.025585585585585584,0.0,0.00036036036036036037,0.93
93,0.9740540540540541,0.025585585585585584,0.0,0.00036036036036036037,0.94
94,0.9740540540540541,0.025585585585585584,0.0,0.00036036036036036037,0.95
95,0.9740540540540541,0.025585585585585584,0.0,0.00036036036036036037,0.96
96,0.9740540540540541,0.025585585585585584,0.0,0.00036036036036036037,0.97
97,0.9740540540540541,0.025585585585585584,0.0,0.00036036036036036037,0.98
98,0.9740540540540541,0.025585585585585584,0.0,0.00036036036036036037,0.99
99,0.9740540540540541,0.025585585585585584,0.0,0.00036036036036036037,1.0
