,tn,fp,fn,tp,percentage
0,0.001081081081081081,0.0,0.972972972972973,0.025945945945945945,0.01
1,0.0018018018018018018,0.0,0.9722522522522522,0.025945945945945945,0.02
2,0.0018018018018018018,0.0,0.9722522522522522,0.025945945945945945,0.03
3,0.002162162162162162,0.0,0.9718918918918918,0.025945945945945945,0.04
4,0.0025225225225225223,0.0,0.9715315315315315,0.025945945945945945,0.05
5,0.002882882882882883,0.0,0.9711711711711711,0.025945945945945945,0.06
6,0.004324324324324324,0.0,0.9697297297297297,0.025945945945945945,0.07
7,0.006126126126126126,0.0,0.9679279279279279,0.025945945945945945,0.08
8,0.007207207207207207,0.0,0.9668468468468469,0.025945945945945945,0.09
9,0.010450450450450451,0.0,0.9636036036036036,0.025945945945945945,0.1
10,0.015855855855855857,0.0,0.9581981981981982,0.025945945945945945,0.11
11,0.018738738738738738,0.0,0.9553153153153153,0.025945945945945945,0.12
12,0.021621621621621623,0.0,0.9524324324324325,0.025945945945945945,0.13
13,0.02738738738738739,0.0,0.9466666666666667,0.025945945945945945,0.14
14,0.04216216216216216,0.0,0.9318918918918919,0.025945945945945945,0.15
15,0.05117117117117117,0.0,0.9228828828828829,0.025945945945945945,0.16
16,0.058738738738738736,0.0,0.9153153153153153,0.025945945945945945,0.17
17,0.08540540540540541,0.0,0.8886486486486487,0.025945945945945945,0.18
18,0.09801801801801802,0.0,0.8760360360360361,0.025945945945945945,0.19
19,0.11243243243243244,0.0,0.8616216216216216,0.025945945945945945,0.2
20,0.1300900900900901,0.0,0.843963963963964,0.025945945945945945,0.21
21,0.169009009009009,0.0,0.805045045045045,0.025945945945945945,0.22
22,0.1945945945945946,0.0,0.7794594594594595,0.025945945945945945,0.23
23,0.2126126126126126,0.0,0.7614414414414414,0.025945945945945945,0.24
24,0.2627027027027027,0.0,0.7113513513513513,0.025945945945945945,0.25
25,0.28936936936936936,0.0,0.6846846846846847,0.025945945945945945,0.26
26,0.3124324324324324,0.0,0.6616216216216216,0.025945945945945945,0.27
27,0.3409009009009009,0.0,0.6331531531531531,0.025945945945945945,0.28
28,0.3956756756756757,0.0,0.5783783783783784,0.025945945945945945,0.29
29,0.4237837837837838,0.0,0.5502702702702703,0.025945945945945945,0.3
30,0.45045045045045046,0.00036036036036036037,0.5236036036036036,0.025585585585585584,0.31
31,0.4774774774774775,0.00036036036036036037,0.49657657657657656,0.025585585585585584,0.32
32,0.5358558558558558,0.00036036036036036037,0.4381981981981982,0.025585585585585584,0.33
33,0.5628828828828829,0.00036036036036036037,0.4111711711711712,0.025585585585585584,0.34
34,0.5866666666666667,0.00036036036036036037,0.38738738738738737,0.025585585585585584,0.35
35,0.6439639639639639,0.00036036036036036037,0.3300900900900901,0.025585585585585584,0.36
36,0.6673873873873873,0.00036036036036036037,0.30666666666666664,0.025585585585585584,0.37
37,0.6886486486486486,0.00036036036036036037,0.28540540540540543,0.025585585585585584,0.38
38,0.7113513513513513,0.00036036036036036037,0.2627027027027027,0.025585585585585584,0.39
39,0.7499099099099099,0.0007207207207207207,0.22414414414414413,0.025225225225225224,0.4
40,0.767927927927928,0.0007207207207207207,0.20612612612612613,0.025225225225225224,0.41
41,0.7866666666666666,0.0007207207207207207,0.1873873873873874,0.025225225225225224,0.42
42,0.8295495495495495,0.0007207207207207207,0.1445045045045045,0.025225225225225224,0.43
43,0.8454054054054054,0.0007207207207207207,0.12864864864864864,0.025225225225225224,0.44
44,0.8562162162162162,0.0007207207207207207,0.11783783783783784,0.025225225225225224,0.45
45,0.8691891891891892,0.0007207207207207207,0.10486486486486486,0.025225225225225224,0.46
46,0.8926126126126126,0.0007207207207207207,0.08144144144144144,0.025225225225225224,0.47
47,0.9034234234234234,0.0007207207207207207,0.07063063063063063,0.025225225225225224,0.48
48,0.9149549549549549,0.0007207207207207207,0.0590990990990991,0.025225225225225224,0.49
49,0.9218018018018018,0.0007207207207207207,0.05225225225225225,0.025225225225225224,0.5
50,0.9365765765765766,0.0007207207207207207,0.037477477477477476,0.025225225225225224,0.51
51,0.9452252252252252,0.001081081081081081,0.02882882882882883,0.024864864864864864,0.52
52,0.9499099099099099,0.001081081081081081,0.024144144144144144,0.024864864864864864,0.53
53,0.9553153153153153,0.0014414414414414415,0.018738738738738738,0.024504504504504504,0.54
54,0.9581981981981982,0.0014414414414414415,0.015855855855855857,0.024504504504504504,0.55
55,0.961081081081081,0.0018018018018018018,0.012972972972972972,0.024144144144144144,0.56
56,0.9632432432432433,0.002162162162162162,0.010810810810810811,0.023783783783783784,0.57
57,0.9657657657657658,0.0025225225225225223,0.008288288288288289,0.023423423423423424,0.58
58,0.9664864864864865,0.0025225225225225223,0.0075675675675675675,0.023423423423423424,0.59
59,0.9675675675675676,0.0025225225225225223,0.006486486486486486,0.023423423423423424,0.6
60,0.969009009009009,0.002882882882882883,0.005045045045045045,0.023063063063063063,0.61
61,0.9693693693693693,0.002882882882882883,0.0046846846846846845,0.023063063063063063,0.62
62,0.9704504504504504,0.0036036036036036037,0.0036036036036036037,0.022342342342342343,0.63
63,0.9711711711711711,0.0036036036036036037,0.002882882882882883,0.022342342342342343,0.64
64,0.9711711711711711,0.005405405405405406,0.002882882882882883,0.02054054054054054,0.65
65,0.9715315315315315,0.005405405405405406,0.0025225225225225223,0.02054054054054054,0.66
66,0.9715315315315315,0.005765765765765766,0.0025225225225225223,0.02018018018018018,0.67
67,0.9722522522522522,0.006126126126126126,0.0018018018018018018,0.01981981981981982,0.68
68,0.9726126126126126,0.006486486486486486,0.0014414414414414415,0.01945945945945946,0.69
69,0.9726126126126126,0.006486486486486486,0.0014414414414414415,0.01945945945945946,0.7
70,0.9726126126126126,0.0075675675675675675,0.0014414414414414415,0.018378378378378378,0.71
71,0.972972972972973,0.008648648648648649,0.001081081081081081,0.017297297297297298,0.72
72,0.972972972972973,0.009369369369369369,0.001081081081081081,0.016576576576576577,0.73
73,0.972972972972973,0.01009009009009009,0.001081081081081081,0.015855855855855857,0.74
74,0.972972972972973,0.01009009009009009,0.001081081081081081,0.015855855855855857,0.75
75,0.972972972972973,0.011891891891891892,0.001081081081081081,0.014054054054054054,0.76
76,0.972972972972973,0.011891891891891892,0.001081081081081081,0.014054054054054054,0.77
77,0.972972972972973,0.012612612612612612,0.001081081081081081,0.013333333333333334,0.78
78,0.972972972972973,0.014414414414414415,0.001081081081081081,0.011531531531531532,0.79
79,0.972972972972973,0.015135135135135135,0.001081081081081081,0.010810810810810811,0.8
80,0.972972972972973,0.015495495495495495,0.001081081081081081,0.010450450450450451,0.81
81,0.972972972972973,0.016576576576576577,0.001081081081081081,0.009369369369369369,0.82
82,0.972972972972973,0.018018018018018018,0.001081081081081081,0.007927927927927928,0.83
83,0.972972972972973,0.018018018018018018,0.001081081081081081,0.007927927927927928,0.84
84,0.9733333333333334,0.02018018018018018,0.0007207207207207207,0.005765765765765766,0.85
85,0.9733333333333334,0.020900900900900903,0.0007207207207207207,0.005045045045045045,0.86
86,0.9733333333333334,0.022342342342342343,0.0007207207207207207,0.0036036036036036037,0.87
87,0.9733333333333334,0.022702702702702703,0.0007207207207207207,0.003243243243243243,0.88
88,0.9733333333333334,0.023063063063063063,0.0007207207207207207,0.002882882882882883,0.89
89,0.9733333333333334,0.023783783783783784,0.0007207207207207207,0.002162162162162162,0.9
90,0.9733333333333334,0.024504504504504504,0.0007207207207207207,0.0014414414414414415,0.91
91,0.9736936936936937,0.024504504504504504,0.00036036036036036037,0.0014414414414414415,0.92
92,0.9736936936936937,0.024504504504504504,0.00036036036036036037,0.0014414414414414415,0.93
93,0.9740540540540541,0.024504504504504504,0.0,0.0014414414414414415,0.94
94,0.9740540540540541,0.024504504504504504,0.0,0.0014414414414414415,0.95
95,0.9740540540540541,0.024864864864864864,0.0,0.001081081081081081,0.96
96,0.9740540540540541,0.025585585585585584,0.0,0.00036036036036036037,0.97
97,0.9740540540540541,0.025585585585585584,0.0,0.00036036036036036037,0.98
98,0.9740540540540541,0.025585585585585584,0.0,0.00036036036036036037,0.99
99,0.9740540540540541,0.025585585585585584,0.0,0.00036036036036036037,1.0
