,tn,fp,fn,tp,percentage
0,0.0007207207207207207,0.0,0.9733333333333334,0.025945945945945945,0.01
1,0.001081081081081081,0.0,0.972972972972973,0.025945945945945945,0.02
2,0.002162162162162162,0.0,0.9718918918918918,0.025945945945945945,0.03
3,0.003963963963963964,0.0,0.9700900900900901,0.025945945945945945,0.04
4,0.005765765765765766,0.0,0.9682882882882883,0.025945945945945945,0.05
5,0.007927927927927928,0.0,0.9661261261261261,0.025945945945945945,0.06
6,0.011891891891891892,0.0,0.9621621621621622,0.025945945945945945,0.07
7,0.011891891891891892,0.0,0.9621621621621622,0.025945945945945945,0.08
8,0.018378378378378378,0.0,0.9556756756756757,0.025945945945945945,0.09
9,0.03207207207207207,0.0,0.941981981981982,0.025945945945945945,0.1
10,0.05189189189189189,0.0,0.9221621621621622,0.025945945945945945,0.11
11,0.07351351351351351,0.0,0.9005405405405406,0.025945945945945945,0.12
12,0.10558558558558559,0.0,0.8684684684684685,0.025945945945945945,0.13
13,0.1362162162162162,0.0,0.8378378378378378,0.025945945945945945,0.14
14,0.1362162162162162,0.0,0.8378378378378378,0.025945945945945945,0.15
15,0.1754954954954955,0.0,0.7985585585585585,0.025945945945945945,0.16
16,0.230990990990991,0.0,0.743063063063063,0.025945945945945945,0.17
17,0.28612612612612615,0.0,0.6879279279279279,0.025945945945945945,0.18
18,0.3527927927927928,0.0,0.6212612612612612,0.025945945945945945,0.19
19,0.42162162162162165,0.0,0.5524324324324325,0.025945945945945945,0.2
20,0.4846846846846847,0.0,0.48936936936936937,0.025945945945945945,0.21
21,0.4846846846846847,0.0,0.48936936936936937,0.025945945945945945,0.22
22,0.5614414414414415,0.0,0.4126126126126126,0.025945945945945945,0.23
23,0.621981981981982,0.0,0.3520720720720721,0.025945945945945945,0.24
24,0.6774774774774774,0.0,0.2965765765765766,0.025945945945945945,0.25
25,0.7279279279279279,0.0,0.24612612612612614,0.025945945945945945,0.26
26,0.7711711711711712,0.0,0.2028828828828829,0.025945945945945945,0.27
27,0.8111711711711712,0.00036036036036036037,0.16288288288288288,0.025585585585585584,0.28
28,0.8111711711711712,0.00036036036036036037,0.16288288288288288,0.025585585585585584,0.29
29,0.8425225225225226,0.00036036036036036037,0.13153153153153152,0.025585585585585584,0.3
30,0.8673873873873874,0.00036036036036036037,0.10666666666666667,0.025585585585585584,0.31
31,0.8904504504504505,0.00036036036036036037,0.08360360360360361,0.025585585585585584,0.32
32,0.9113513513513514,0.0007207207207207207,0.0627027027027027,0.025225225225225224,0.33
33,0.9268468468468468,0.0007207207207207207,0.047207207207207204,0.025225225225225224,0.34
34,0.940900900900901,0.0007207207207207207,0.033153153153153155,0.025225225225225224,0.35
35,0.940900900900901,0.0007207207207207207,0.033153153153153155,0.025225225225225224,0.36
36,0.9545945945945946,0.001081081081081081,0.01945945945945946,0.024864864864864864,0.37
37,0.9581981981981982,0.001081081081081081,0.015855855855855857,0.024864864864864864,0.38
38,0.9614414414414414,0.0014414414414414415,0.012612612612612612,0.024504504504504504,0.39
39,0.9643243243243244,0.0014414414414414415,0.00972972972972973,0.024504504504504504,0.4
40,0.9654054054054054,0.002162162162162162,0.008648648648648649,0.023783783783783784,0.41
41,0.9679279279279279,0.002162162162162162,0.006126126126126126,0.023783783783783784,0.42
42,0.9679279279279279,0.002162162162162162,0.006126126126126126,0.023783783783783784,0.43
43,0.9682882882882883,0.0025225225225225223,0.005765765765765766,0.023423423423423424,0.44
44,0.9686486486486486,0.003243243243243243,0.005405405405405406,0.022702702702702703,0.45
45,0.9708108108108108,0.004324324324324324,0.003243243243243243,0.021621621621621623,0.46
46,0.9715315315315315,0.004324324324324324,0.0025225225225225223,0.021621621621621623,0.47
47,0.9718918918918918,0.005045045045045045,0.002162162162162162,0.020900900900900903,0.48
48,0.9722522522522522,0.005045045045045045,0.0018018018018018018,0.020900900900900903,0.49
49,0.9722522522522522,0.005765765765765766,0.0018018018018018018,0.02018018018018018,0.5
50,0.9722522522522522,0.005765765765765766,0.0018018018018018018,0.02018018018018018,0.51
51,0.9726126126126126,0.0075675675675675675,0.0014414414414414415,0.018378378378378378,0.52
52,0.9726126126126126,0.0075675675675675675,0.0014414414414414415,0.018378378378378378,0.53
53,0.9726126126126126,0.008288288288288289,0.0014414414414414415,0.017657657657657658,0.54
54,0.9726126126126126,0.009369369369369369,0.0014414414414414415,0.016576576576576577,0.55
55,0.9726126126126126,0.00972972972972973,0.0014414414414414415,0.016216216216216217,0.56
56,0.9726126126126126,0.010810810810810811,0.0014414414414414415,0.015135135135135135,0.57
57,0.9726126126126126,0.010810810810810811,0.0014414414414414415,0.015135135135135135,0.58
58,0.972972972972973,0.012252252252252252,0.001081081081081081,0.013693693693693694,0.59
59,0.972972972972973,0.012972972972972972,0.001081081081081081,0.012972972972972972,0.6
60,0.972972972972973,0.014414414414414415,0.001081081081081081,0.011531531531531532,0.61
61,0.972972972972973,0.015855855855855857,0.001081081081081081,0.01009009009009009,0.62
62,0.972972972972973,0.016576576576576577,0.001081081081081081,0.009369369369369369,0.63
63,0.972972972972973,0.018018018018018018,0.001081081081081081,0.007927927927927928,0.64
64,0.972972972972973,0.018018018018018018,0.001081081081081081,0.007927927927927928,0.65
65,0.972972972972973,0.0190990990990991,0.001081081081081081,0.006846846846846847,0.66
66,0.972972972972973,0.01945945945945946,0.001081081081081081,0.006486486486486486,0.67
67,0.972972972972973,0.02054054054054054,0.001081081081081081,0.005405405405405406,0.68
68,0.972972972972973,0.02054054054054054,0.001081081081081081,0.005405405405405406,0.69
69,0.972972972972973,0.020900900900900903,0.001081081081081081,0.005045045045045045,0.7
70,0.972972972972973,0.021981981981981983,0.001081081081081081,0.003963963963963964,0.71
71,0.972972972972973,0.021981981981981983,0.001081081081081081,0.003963963963963964,0.72
72,0.972972972972973,0.022702702702702703,0.001081081081081081,0.003243243243243243,0.73
73,0.972972972972973,0.022702702702702703,0.001081081081081081,0.003243243243243243,0.74
74,0.972972972972973,0.022702702702702703,0.001081081081081081,0.003243243243243243,0.75
75,0.972972972972973,0.023063063063063063,0.001081081081081081,0.002882882882882883,0.76
76,0.972972972972973,0.023783783783783784,0.001081081081081081,0.002162162162162162,0.77
77,0.972972972972973,0.023783783783783784,0.001081081081081081,0.002162162162162162,0.78
78,0.972972972972973,0.023783783783783784,0.001081081081081081,0.002162162162162162,0.79
79,0.9733333333333334,0.023783783783783784,0.0007207207207207207,0.002162162162162162,0.8
80,0.9733333333333334,0.024504504504504504,0.0007207207207207207,0.0014414414414414415,0.81
81,0.9733333333333334,0.024864864864864864,0.0007207207207207207,0.001081081081081081,0.82
82,0.9733333333333334,0.025225225225225224,0.0007207207207207207,0.0007207207207207207,0.83
83,0.9733333333333334,0.025225225225225224,0.0007207207207207207,0.0007207207207207207,0.84
84,0.9733333333333334,0.025585585585585584,0.0007207207207207207,0.00036036036036036037,0.85
85,0.9733333333333334,0.025585585585585584,0.0007207207207207207,0.00036036036036036037,0.86
86,0.9736936936936937,0.025585585585585584,0.00036036036036036037,0.00036036036036036037,0.87
87,0.9736936936936937,0.025585585585585584,0.00036036036036036037,0.00036036036036036037,0.88
88,0.9736936936936937,0.025585585585585584,0.00036036036036036037,0.00036036036036036037,0.89
89,0.9736936936936937,0.025585585585585584,0.00036036036036036037,0.00036036036036036037,0.9
90,0.9736936936936937,0.025585585585585584,0.00036036036036036037,0.00036036036036036037,0.91
91,0.9740540540540541,0.025585585585585584,0.0,0.00036036036036036037,0.92
92,0.9740540540540541,0.025585585585585584,0.0,0.00036036036036036037,0.93
93,0.9740540540540541,0.025585585585585584,0.0,0.00036036036036036037,0.94
94,0.9740540540540541,0.025585585585585584,0.0,0.00036036036036036037,0.95
95,0.9740540540540541,0.025585585585585584,0.0,0.00036036036036036037,0.96
96,0.9740540540540541,0.025585585585585584,0.0,0.00036036036036036037,0.97
97,0.9740540540540541,0.025585585585585584,0.0,0.00036036036036036037,0.98
98,0.9740540540540541,0.025585585585585584,0.0,0.00036036036036036037,0.99
99,0.9740540540540541,0.025585585585585584,0.0,0.00036036036036036037,1.0
