,tn,fp,fn,tp,percentage
0,0.00036036036036036037,0.0,0.9736936936936937,0.025945945945945945,0.01
1,0.001081081081081081,0.0,0.972972972972973,0.025945945945945945,0.02
2,0.002162162162162162,0.0,0.9718918918918918,0.025945945945945945,0.03
3,0.003963963963963964,0.0,0.9700900900900901,0.025945945945945945,0.04
4,0.006126126126126126,0.0,0.9679279279279279,0.025945945945945945,0.05
5,0.006126126126126126,0.0,0.9679279279279279,0.025945945945945945,0.06
6,0.009009009009009009,0.0,0.9650450450450451,0.025945945945945945,0.07
7,0.015135135135135135,0.0,0.9589189189189189,0.025945945945945945,0.08
8,0.024504504504504504,0.0,0.9495495495495495,0.025945945945945945,0.09
9,0.037477477477477476,0.0,0.9365765765765766,0.025945945945945945,0.1
10,0.062342342342342344,0.0,0.9117117117117117,0.025945945945945945,0.11
11,0.062342342342342344,0.0,0.9117117117117117,0.025945945945945945,0.12
12,0.09117117117117117,0.0,0.8828828828828829,0.025945945945945945,0.13
13,0.12576576576576576,0.0,0.8482882882882883,0.025945945945945945,0.14
14,0.1636036036036036,0.0,0.8104504504504505,0.025945945945945945,0.15
15,0.22162162162162163,0.0,0.7524324324324324,0.025945945945945945,0.16
16,0.22162162162162163,0.0,0.7524324324324324,0.025945945945945945,0.17
17,0.27603603603603605,0.0,0.698018018018018,0.025945945945945945,0.18
18,0.34234234234234234,0.0,0.6317117117117117,0.025945945945945945,0.19
19,0.4136936936936937,0.0,0.5603603603603604,0.025945945945945945,0.2
20,0.4900900900900901,0.0,0.48396396396396396,0.025945945945945945,0.21
21,0.5581981981981982,0.0,0.4158558558558559,0.025945945945945945,0.22
22,0.5581981981981982,0.0,0.4158558558558559,0.025945945945945945,0.23
23,0.6245045045045045,0.0,0.34954954954954953,0.025945945945945945,0.24
24,0.6803603603603604,0.0,0.2936936936936937,0.025945945945945945,0.25
25,0.7372972972972973,0.0,0.23675675675675675,0.025945945945945945,0.26
26,0.7816216216216216,0.0,0.19243243243243244,0.025945945945945945,0.27
27,0.7816216216216216,0.0,0.19243243243243244,0.025945945945945945,0.28
28,0.8154954954954955,0.00036036036036036037,0.15855855855855855,0.025585585585585584,0.29
29,0.8497297297297297,0.00036036036036036037,0.12432432432432433,0.025585585585585584,0.3
30,0.8760360360360361,0.00036036036036036037,0.09801801801801802,0.025585585585585584,0.31
31,0.8998198198198198,0.0007207207207207207,0.07423423423423424,0.025225225225225224,0.32
32,0.9185585585585586,0.0007207207207207207,0.0554954954954955,0.025225225225225224,0.33
33,0.9185585585585586,0.0007207207207207207,0.0554954954954955,0.025225225225225224,0.34
34,0.9322522522522523,0.0007207207207207207,0.041801801801801805,0.025225225225225224,0.35
35,0.947027027027027,0.001081081081081081,0.02702702702702703,0.024864864864864864,0.36
36,0.9567567567567568,0.001081081081081081,0.017297297297297298,0.024864864864864864,0.37
37,0.9603603603603603,0.0014414414414414415,0.013693693693693694,0.024504504504504504,0.38
38,0.9603603603603603,0.0014414414414414415,0.013693693693693694,0.024504504504504504,0.39
39,0.9632432432432433,0.0014414414414414415,0.010810810810810811,0.024504504504504504,0.4
40,0.9650450450450451,0.0018018018018018018,0.009009009009009009,0.024144144144144144,0.41
41,0.9675675675675676,0.002162162162162162,0.006486486486486486,0.023783783783783784,0.42
42,0.9682882882882883,0.0025225225225225223,0.005765765765765766,0.023423423423423424,0.43
43,0.969009009009009,0.003243243243243243,0.005045045045045045,0.022702702702702703,0.44
44,0.969009009009009,0.003243243243243243,0.005045045045045045,0.022702702702702703,0.45
45,0.9708108108108108,0.003963963963963964,0.003243243243243243,0.021981981981981983,0.46
46,0.9715315315315315,0.0046846846846846845,0.0025225225225225223,0.021261261261261263,0.47
47,0.9718918918918918,0.005045045045045045,0.002162162162162162,0.020900900900900903,0.48
48,0.9722522522522522,0.005045045045045045,0.0018018018018018018,0.020900900900900903,0.49
49,0.9726126126126126,0.005765765765765766,0.0014414414414414415,0.02018018018018018,0.5
50,0.9726126126126126,0.005765765765765766,0.0014414414414414415,0.02018018018018018,0.51
51,0.9726126126126126,0.007207207207207207,0.0014414414414414415,0.018738738738738738,0.52
52,0.9726126126126126,0.007927927927927928,0.0014414414414414415,0.018018018018018018,0.53
53,0.9726126126126126,0.008648648648648649,0.0014414414414414415,0.017297297297297298,0.54
54,0.9726126126126126,0.009009009009009009,0.0014414414414414415,0.016936936936936937,0.55
55,0.9726126126126126,0.009009009009009009,0.0014414414414414415,0.016936936936936937,0.56
56,0.9726126126126126,0.01009009009009009,0.0014414414414414415,0.015855855855855857,0.57
57,0.972972972972973,0.011171171171171172,0.001081081081081081,0.014774774774774775,0.58
58,0.972972972972973,0.012612612612612612,0.001081081081081081,0.013333333333333334,0.59
59,0.972972972972973,0.013693693693693694,0.001081081081081081,0.012252252252252252,0.6
60,0.972972972972973,0.015135135135135135,0.001081081081081081,0.010810810810810811,0.61
61,0.972972972972973,0.015135135135135135,0.001081081081081081,0.010810810810810811,0.62
62,0.972972972972973,0.016576576576576577,0.001081081081081081,0.009369369369369369,0.63
63,0.972972972972973,0.017297297297297298,0.001081081081081081,0.008648648648648649,0.64
64,0.972972972972973,0.018378378378378378,0.001081081081081081,0.0075675675675675675,0.65
65,0.972972972972973,0.01945945945945946,0.001081081081081081,0.006486486486486486,0.66
66,0.972972972972973,0.01945945945945946,0.001081081081081081,0.006486486486486486,0.67
67,0.972972972972973,0.01945945945945946,0.001081081081081081,0.006486486486486486,0.68
68,0.972972972972973,0.02018018018018018,0.001081081081081081,0.005765765765765766,0.69
69,0.972972972972973,0.02054054054054054,0.001081081081081081,0.005405405405405406,0.7
70,0.972972972972973,0.021621621621621623,0.001081081081081081,0.004324324324324324,0.71
71,0.972972972972973,0.022342342342342343,0.001081081081081081,0.0036036036036036037,0.72
72,0.972972972972973,0.022342342342342343,0.001081081081081081,0.0036036036036036037,0.73
73,0.972972972972973,0.022702702702702703,0.001081081081081081,0.003243243243243243,0.74
74,0.972972972972973,0.023063063063063063,0.001081081081081081,0.002882882882882883,0.75
75,0.972972972972973,0.023063063063063063,0.001081081081081081,0.002882882882882883,0.76
76,0.972972972972973,0.023423423423423424,0.001081081081081081,0.0025225225225225223,0.77
77,0.972972972972973,0.023423423423423424,0.001081081081081081,0.0025225225225225223,0.78
78,0.972972972972973,0.023783783783783784,0.001081081081081081,0.002162162162162162,0.79
79,0.9733333333333334,0.023783783783783784,0.0007207207207207207,0.002162162162162162,0.8
80,0.9733333333333334,0.024504504504504504,0.0007207207207207207,0.0014414414414414415,0.81
81,0.9733333333333334,0.024504504504504504,0.0007207207207207207,0.0014414414414414415,0.82
82,0.9733333333333334,0.024864864864864864,0.0007207207207207207,0.001081081081081081,0.83
83,0.9733333333333334,0.024864864864864864,0.0007207207207207207,0.001081081081081081,0.84
84,0.9733333333333334,0.025225225225225224,0.0007207207207207207,0.0007207207207207207,0.85
85,0.9733333333333334,0.025585585585585584,0.0007207207207207207,0.00036036036036036037,0.86
86,0.9733333333333334,0.025585585585585584,0.0007207207207207207,0.00036036036036036037,0.87
87,0.9736936936936937,0.025585585585585584,0.00036036036036036037,0.00036036036036036037,0.88
88,0.9736936936936937,0.025585585585585584,0.00036036036036036037,0.00036036036036036037,0.89
89,0.9736936936936937,0.025585585585585584,0.00036036036036036037,0.00036036036036036037,0.9
90,0.9736936936936937,0.025585585585585584,0.00036036036036036037,0.00036036036036036037,0.91
91,0.9736936936936937,0.025585585585585584,0.00036036036036036037,0.00036036036036036037,0.92
92,0.9740540540540541,0.025585585585585584,0.0,0.00036036036036036037,0.93
93,0.9740540540540541,0.025585585585585584,0.0,0.00036036036036036037,0.94
94,0.9740540540540541,0.025585585585585584,0.0,0.00036036036036036037,0.95
95,0.9740540540540541,0.025585585585585584,0.0,0.00036036036036036037,0.96
96,0.9740540540540541,0.025585585585585584,0.0,0.00036036036036036037,0.97
97,0.9740540540540541,0.025585585585585584,0.0,0.00036036036036036037,0.98
98,0.9740540540540541,0.025585585585585584,0.0,0.00036036036036036037,0.99
99,0.9740540540540541,0.025585585585585584,0.0,0.00036036036036036037,1.0
