,tn,fp,fn,tp,percentage
0,8.830022075055188e-05,0.0,0.9898454746136865,0.010066225165562914,0.01
1,8.830022075055188e-05,0.0,0.9898454746136865,0.010066225165562914,0.02
2,0.00026490066225165563,0.0,0.9896688741721854,0.010066225165562914,0.03
3,0.0012362030905077263,0.0,0.9886975717439294,0.010066225165562914,0.04
4,0.0023841059602649007,0.0,0.9875496688741722,0.010066225165562914,0.05
5,0.004150110375275938,0.0,0.9857836644591611,0.010066225165562914,0.06
6,0.005739514348785872,0.0,0.9841942604856512,0.010066225165562914,0.07
7,0.008211920529801325,0.0,0.9817218543046358,0.010066225165562914,0.08
8,0.011655629139072848,0.0,0.9782781456953642,0.010066225165562914,0.09
9,0.0165121412803532,0.0,0.9734216335540838,0.010066225165562914,0.1
10,0.02384105960264901,0.0,0.9660927152317881,0.010066225165562914,0.11
11,0.03399558498896247,0.0,0.9559381898454746,0.010066225165562914,0.12
12,0.04618101545253863,0.0,0.9437527593818985,0.010066225165562914,0.13
13,0.060132450331125825,0.0,0.9298013245033112,0.010066225165562914,0.14
14,0.0798233995584989,0.0,0.9101103752759382,0.010066225165562914,0.15
15,0.10419426048565121,0.0,0.8857395143487858,0.010066225165562914,0.16
16,0.10419426048565121,0.0,0.8857395143487858,0.010066225165562914,0.17
17,0.1378366445916115,0.0,0.8520971302428256,0.010066225165562914,0.18
18,0.17774834437086093,0.0,0.8121854304635762,0.010066225165562914,0.19
19,0.2234878587196468,0.0,0.7664459161147903,0.010066225165562914,0.2
20,0.2809713024282561,0.0,0.708962472406181,0.010066225165562914,0.21
21,0.34516556291390726,0.0,0.6447682119205298,0.010066225165562914,0.22
22,0.40980132450331125,8.830022075055188e-05,0.5801324503311258,0.009977924944812363,0.23
23,0.48582781456953644,8.830022075055188e-05,0.5041059602649006,0.009977924944812363,0.24
24,0.555849889624724,8.830022075055188e-05,0.434083885209713,0.009977924944812363,0.25
25,0.6192494481236203,8.830022075055188e-05,0.3706843267108168,0.009977924944812363,0.26
26,0.6792935982339956,8.830022075055188e-05,0.3106401766004415,0.009977924944812363,0.27
27,0.7330684326710817,0.00026490066225165563,0.2568653421633554,0.00980132450331126,0.28
28,0.7799558498896247,0.00026490066225165563,0.20997792494481235,0.00980132450331126,0.29
29,0.815364238410596,0.00026490066225165563,0.17456953642384107,0.00980132450331126,0.3
30,0.8482119205298013,0.0005298013245033113,0.14172185430463577,0.009536423841059603,0.31
31,0.8734657836644591,0.0007947019867549669,0.11646799116997793,0.009271523178807948,0.32
32,0.8940397350993378,0.0010596026490066225,0.09589403973509934,0.009006622516556291,0.33
33,0.8940397350993378,0.0010596026490066225,0.09589403973509934,0.009006622516556291,0.34
34,0.9104635761589404,0.0012362030905077263,0.07947019867549669,0.008830022075055188,0.35
35,0.9252980132450331,0.00141280353200883,0.06463576158940397,0.008653421633554084,0.36
36,0.9368653421633554,0.0016777041942604856,0.053068432671081675,0.008388520971302429,0.37
37,0.94560706401766,0.0018543046357615894,0.04432671081677704,0.008211920529801325,0.38
38,0.9533774834437087,0.0018543046357615894,0.036556291390728475,0.008211920529801325,0.39
39,0.9592052980132451,0.002207505518763797,0.030728476821192053,0.007858719646799118,0.4
40,0.9642384105960264,0.0024724061810154525,0.025695364238410595,0.007593818984547461,0.41
41,0.9673289183222958,0.002913907284768212,0.02260485651214128,0.007152317880794702,0.42
42,0.9714790286975717,0.003002207505518764,0.018454746136865343,0.00706401766004415,0.43
43,0.9743046357615894,0.0032671081677704194,0.015629139072847683,0.0067991169977924945,0.44
44,0.976953642384106,0.0038852097130242826,0.012980132450331127,0.006181015452538631,0.45
45,0.9784547461368653,0.004150110375275938,0.011479028697571744,0.005916114790286976,0.46
46,0.979514348785872,0.004415011037527594,0.010419426048565121,0.00565121412803532,0.47
47,0.9811037527593819,0.004856512141280353,0.008830022075055188,0.005209713024282561,0.48
48,0.9822516556291391,0.005562913907284768,0.007682119205298013,0.004503311258278146,0.49
49,0.9822516556291391,0.005562913907284768,0.007682119205298013,0.004503311258278146,0.5
50,0.9834878587196468,0.0060927152317880795,0.006445916114790287,0.003973509933774834,0.51
51,0.9841059602649007,0.006269315673289183,0.005827814569536424,0.0037969094922737307,0.52
52,0.9852538631346578,0.006622516556291391,0.0046799116997792494,0.003443708609271523,0.53
53,0.9861368653421634,0.0067991169977924945,0.0037969094922737307,0.0032671081677704194,0.54
54,0.986401766004415,0.006975717439293598,0.003532008830022075,0.0030905077262693157,0.55
55,0.9867549668874173,0.0075055187637969095,0.0031788079470198675,0.0025607064017660044,0.56
56,0.98719646799117,0.008035320088300222,0.002737306843267108,0.002030905077262693,0.57
57,0.9874613686534216,0.008300220750551876,0.0024724061810154525,0.0017660044150110375,0.58
58,0.9878145695364239,0.00847682119205298,0.002119205298013245,0.0015894039735099338,0.59
59,0.9882560706401766,0.008565121412803533,0.0016777041942604856,0.001501103752759382,0.6
60,0.9886092715231788,0.008565121412803533,0.0013245033112582781,0.001501103752759382,0.61
61,0.9890507726269315,0.008653421633554084,0.0008830022075055188,0.00141280353200883,0.62
62,0.9892273730684327,0.008830022075055188,0.000706401766004415,0.0012362030905077263,0.63
63,0.9894039735099338,0.009183222958057395,0.0005298013245033113,0.0008830022075055188,0.64
64,0.9895805739514348,0.009271523178807948,0.0003532008830022075,0.0007947019867549669,0.65
65,0.989757174392936,0.009536423841059603,0.00017660044150110375,0.0005298013245033113,0.66
66,0.989757174392936,0.009536423841059603,0.00017660044150110375,0.0005298013245033113,0.67
67,0.9898454746136865,0.009624724061810155,8.830022075055188e-05,0.0004415011037527594,0.68
68,0.9898454746136865,0.009713024282560706,8.830022075055188e-05,0.0003532008830022075,0.69
69,0.9898454746136865,0.009713024282560706,8.830022075055188e-05,0.0003532008830022075,0.7
70,0.9898454746136865,0.00980132450331126,8.830022075055188e-05,0.00026490066225165563,0.71
71,0.9898454746136865,0.00980132450331126,8.830022075055188e-05,0.00026490066225165563,0.72
72,0.9898454746136865,0.00980132450331126,8.830022075055188e-05,0.00026490066225165563,0.73
73,0.9898454746136865,0.00980132450331126,8.830022075055188e-05,0.00026490066225165563,0.74
74,0.9899337748344371,0.00988962472406181,0.0,0.00017660044150110375,0.75
75,0.9899337748344371,0.00988962472406181,0.0,0.00017660044150110375,0.76
76,0.9899337748344371,0.009977924944812363,0.0,8.830022075055188e-05,0.77
77,0.9899337748344371,0.009977924944812363,0.0,8.830022075055188e-05,0.78
78,0.9899337748344371,0.009977924944812363,0.0,8.830022075055188e-05,0.79
79,0.9899337748344371,0.009977924944812363,0.0,8.830022075055188e-05,0.8
80,0.9899337748344371,0.009977924944812363,0.0,8.830022075055188e-05,0.81
81,0.9899337748344371,0.009977924944812363,0.0,8.830022075055188e-05,0.82
82,0.9899337748344371,0.009977924944812363,0.0,8.830022075055188e-05,0.83
83,0.9899337748344371,0.009977924944812363,0.0,8.830022075055188e-05,0.84
84,0.9899337748344371,0.009977924944812363,0.0,8.830022075055188e-05,0.85
85,0.9899337748344371,0.009977924944812363,0.0,8.830022075055188e-05,0.86
86,0.9899337748344371,0.009977924944812363,0.0,8.830022075055188e-05,0.87
87,0.9899337748344371,0.009977924944812363,0.0,8.830022075055188e-05,0.88
88,0.9899337748344371,0.009977924944812363,0.0,8.830022075055188e-05,0.89
89,0.9899337748344371,0.009977924944812363,0.0,8.830022075055188e-05,0.9
90,0.9899337748344371,0.009977924944812363,0.0,8.830022075055188e-05,0.91
91,0.9899337748344371,0.009977924944812363,0.0,8.830022075055188e-05,0.92
92,0.9899337748344371,0.009977924944812363,0.0,8.830022075055188e-05,0.93
93,0.9899337748344371,0.009977924944812363,0.0,8.830022075055188e-05,0.94
94,0.9899337748344371,0.009977924944812363,0.0,8.830022075055188e-05,0.95
95,0.9899337748344371,0.009977924944812363,0.0,8.830022075055188e-05,0.96
96,0.9899337748344371,0.009977924944812363,0.0,8.830022075055188e-05,0.97
97,0.9899337748344371,0.009977924944812363,0.0,8.830022075055188e-05,0.98
98,0.9899337748344371,0.009977924944812363,0.0,8.830022075055188e-05,0.99
99,0.9899337748344371,0.009977924944812363,0.0,8.830022075055188e-05,1.0
