,tn,fp,fn,tp,percentage
0,8.830022075055188e-05,0.0,0.9898454746136865,0.010066225165562914,0.01
1,8.830022075055188e-05,0.0,0.9898454746136865,0.010066225165562914,0.02
2,0.00017660044150110375,0.0,0.989757174392936,0.010066225165562914,0.03
3,0.00026490066225165563,0.0,0.9896688741721854,0.010066225165562914,0.04
4,0.0003532008830022075,0.0,0.9895805739514348,0.010066225165562914,0.05
5,0.000706401766004415,0.0,0.9892273730684327,0.010066225165562914,0.06
6,0.0013245033112582781,0.0,0.9886092715231788,0.010066225165562914,0.07
7,0.0023841059602649007,0.0,0.9875496688741722,0.010066225165562914,0.08
8,0.00282560706401766,0.0,0.9871081677704194,0.010066225165562914,0.09
9,0.004591611479028698,0.0,0.9853421633554084,0.010066225165562914,0.1
10,0.006181015452538631,0.0,0.9837527593818984,0.010066225165562914,0.11
11,0.007417218543046358,0.0,0.9825165562913907,0.010066225165562914,0.12
12,0.012803532008830023,0.0,0.977130242825607,0.010066225165562914,0.13
13,0.016600441501103753,0.0,0.9733333333333334,0.010066225165562914,0.14
14,0.02066225165562914,0.0,0.9692715231788079,0.010066225165562914,0.15
15,0.029757174392935983,0.0,0.9601766004415011,0.010066225165562914,0.16
16,0.035938189845474616,0.0,0.9539955849889624,0.010066225165562914,0.17
17,0.043002207505518766,0.0,0.9469315673289184,0.010066225165562914,0.18
18,0.05986754966887417,0.0,0.9300662251655629,0.010066225165562914,0.19
19,0.06984547461368654,0.0,0.9200883002207505,0.010066225165562914,0.2
20,0.0840618101545254,0.0,0.9058719646799117,0.010066225165562914,0.21
21,0.10922737306843266,0.0,0.8807064017660045,0.010066225165562914,0.22
22,0.12688741721854305,0.0,0.863046357615894,0.010066225165562914,0.23
23,0.14269315673289185,0.0,0.8472406181015453,0.010066225165562914,0.24
24,0.16247240618101547,0.0,0.8274613686534217,0.010066225165562914,0.25
25,0.20415011037527594,0.0,0.7857836644591611,0.010066225165562914,0.26
26,0.22993377483443708,0.0,0.76,0.010066225165562914,0.27
27,0.2573068432671082,0.0,0.7326269315673289,0.010066225165562914,0.28
28,0.3160264900662252,0.0,0.6739072847682119,0.010066225165562914,0.29
29,0.3447240618101545,0.0,0.6452097130242825,0.010066225165562914,0.3
30,0.37421633554083883,0.0,0.6157174392935982,0.010066225165562914,0.31
31,0.434878587196468,0.0,0.5550551876379691,0.010066225165562914,0.32
32,0.4677262693156733,0.0,0.5222075055187638,0.010066225165562914,0.33
33,0.49977924944812363,0.0,0.4901545253863135,0.010066225165562914,0.34
34,0.5637086092715232,8.830022075055188e-05,0.4262251655629139,0.009977924944812363,0.35
35,0.5932891832229581,8.830022075055188e-05,0.396644591611479,0.009977924944812363,0.36
36,0.6225165562913907,0.00017660044150110375,0.3674172185430464,0.00988962472406181,0.37
37,0.6803532008830022,0.00017660044150110375,0.3095805739514349,0.00988962472406181,0.38
38,0.7082560706401766,0.00017660044150110375,0.28167770419426047,0.00988962472406181,0.39
39,0.7328918322295805,0.00017660044150110375,0.2570419426048565,0.00988962472406181,0.4
40,0.7750993377483444,0.00017660044150110375,0.2148344370860927,0.00988962472406181,0.41
41,0.7934657836644592,0.00026490066225165563,0.19646799116997793,0.00980132450331126,0.42
42,0.8150993377483444,0.0003532008830022075,0.17483443708609273,0.009713024282560706,0.43
43,0.8465342163355408,0.0005298013245033113,0.14339955849889624,0.009536423841059603,0.44
44,0.8603973509933774,0.0006181015452538631,0.1295364238410596,0.009448123620309052,0.45
45,0.8722295805739514,0.000706401766004415,0.11770419426048565,0.009359823399558499,0.46
46,0.8966887417218543,0.0008830022075055188,0.09324503311258278,0.009183222958057395,0.47
47,0.9064900662251656,0.0010596026490066225,0.08344370860927153,0.009006622516556291,0.48
48,0.9150551876379691,0.0012362030905077263,0.07487858719646799,0.008830022075055188,0.49
49,0.9229139072847682,0.0012362030905077263,0.06701986754966888,0.008830022075055188,0.5
50,0.9388962472406182,0.001501103752759382,0.051037527593818986,0.008565121412803533,0.51
51,0.9441942604856512,0.001501103752759382,0.04573951434878587,0.008565121412803533,0.52
52,0.9504635761589404,0.0015894039735099338,0.03947019867549669,0.00847682119205298,0.53
53,0.9599116997792494,0.0018543046357615894,0.030022075055187638,0.008211920529801325,0.54
54,0.9627373068432671,0.002030905077262693,0.027196467991169978,0.008035320088300222,0.55
55,0.9666225165562914,0.0023841059602649007,0.023311258278145695,0.007682119205298013,0.56
56,0.97121412803532,0.0023841059602649007,0.018719646799116998,0.007682119205298013,0.57
57,0.973598233995585,0.0025607064017660044,0.016335540838852098,0.0075055187637969095,0.58
58,0.9757174392935982,0.002737306843267108,0.014216335540838853,0.007328918322295806,0.59
59,0.9783664459161148,0.0033554083885209713,0.011567328918322297,0.006710816777041943,0.6
60,0.9793377483443708,0.003532008830022075,0.010596026490066225,0.006534216335540839,0.61
61,0.9806622516556291,0.003708609271523179,0.009271523178807948,0.006357615894039735,0.62
62,0.9823399558498896,0.0046799116997792494,0.007593818984547461,0.0053863134657836645,0.63
63,0.983046357615894,0.005033112582781457,0.006887417218543046,0.005033112582781457,0.64
64,0.9836644591611479,0.005033112582781457,0.006269315673289183,0.005033112582781457,0.65
65,0.9850772626931568,0.005562913907284768,0.004856512141280353,0.004503311258278146,0.66
66,0.9857836644591611,0.005916114790286976,0.004150110375275938,0.004150110375275938,0.67
67,0.9859602649006622,0.006004415011037528,0.003973509933774834,0.004061810154525386,0.68
68,0.9871081677704194,0.006622516556291391,0.00282560706401766,0.003443708609271523,0.69
69,0.987373068432671,0.006975717439293598,0.0025607064017660044,0.0030905077262693157,0.7
70,0.9878145695364239,0.007240618101545254,0.002119205298013245,0.00282560706401766,0.71
71,0.9884326710816776,0.007593818984547461,0.001501103752759382,0.0024724061810154525,0.72
72,0.9890507726269315,0.007770419426048565,0.0008830022075055188,0.002295805739514349,0.73
73,0.9891390728476821,0.007858719646799118,0.0007947019867549669,0.002207505518763797,0.74
74,0.9891390728476821,0.008300220750551876,0.0007947019867549669,0.0017660044150110375,0.75
75,0.9894039735099338,0.008653421633554084,0.0005298013245033113,0.00141280353200883,0.76
76,0.9895805739514348,0.008830022075055188,0.0003532008830022075,0.0012362030905077263,0.77
77,0.9896688741721854,0.009094922737306844,0.00026490066225165563,0.0009713024282560706,0.78
78,0.989757174392936,0.009448123620309052,0.00017660044150110375,0.0006181015452538631,0.79
79,0.989757174392936,0.009448123620309052,0.00017660044150110375,0.0006181015452538631,0.8
80,0.9898454746136865,0.009536423841059603,8.830022075055188e-05,0.0005298013245033113,0.81
81,0.9898454746136865,0.009624724061810155,8.830022075055188e-05,0.0004415011037527594,0.82
82,0.9898454746136865,0.009713024282560706,8.830022075055188e-05,0.0003532008830022075,0.83
83,0.9899337748344371,0.009713024282560706,0.0,0.0003532008830022075,0.84
84,0.9899337748344371,0.00980132450331126,0.0,0.00026490066225165563,0.85
85,0.9899337748344371,0.00988962472406181,0.0,0.00017660044150110375,0.86
86,0.9899337748344371,0.009977924944812363,0.0,8.830022075055188e-05,0.87
87,0.9899337748344371,0.009977924944812363,0.0,8.830022075055188e-05,0.88
88,0.9899337748344371,0.009977924944812363,0.0,8.830022075055188e-05,0.89
89,0.9899337748344371,0.009977924944812363,0.0,8.830022075055188e-05,0.9
90,0.9899337748344371,0.009977924944812363,0.0,8.830022075055188e-05,0.91
91,0.9899337748344371,0.009977924944812363,0.0,8.830022075055188e-05,0.92
92,0.9899337748344371,0.009977924944812363,0.0,8.830022075055188e-05,0.93
93,0.9899337748344371,0.009977924944812363,0.0,8.830022075055188e-05,0.94
94,0.9899337748344371,0.009977924944812363,0.0,8.830022075055188e-05,0.95
95,0.9899337748344371,0.009977924944812363,0.0,8.830022075055188e-05,0.96
96,0.9899337748344371,0.009977924944812363,0.0,8.830022075055188e-05,0.97
97,0.9899337748344371,0.009977924944812363,0.0,8.830022075055188e-05,0.98
98,0.9899337748344371,0.009977924944812363,0.0,8.830022075055188e-05,0.99
99,0.9899337748344371,0.009977924944812363,0.0,8.830022075055188e-05,1.0
