,tn,fp,fn,tp,percentage
0,8.830022075055188e-05,0.0,0.9898454746136865,0.010066225165562914,0.01
1,8.830022075055188e-05,0.0,0.9898454746136865,0.010066225165562914,0.02
2,8.830022075055188e-05,0.0,0.9898454746136865,0.010066225165562914,0.03
3,8.830022075055188e-05,0.0,0.9898454746136865,0.010066225165562914,0.04
4,8.830022075055188e-05,0.0,0.9898454746136865,0.010066225165562914,0.05
5,0.00026490066225165563,0.0,0.9896688741721854,0.010066225165562914,0.06
6,0.0005298013245033113,0.0,0.9894039735099338,0.010066225165562914,0.07
7,0.0013245033112582781,0.0,0.9886092715231788,0.010066225165562914,0.08
8,0.003002207505518764,0.0,0.9869315673289183,0.010066225165562914,0.09
9,0.003532008830022075,0.0,0.986401766004415,0.010066225165562914,0.1
10,0.004856512141280353,0.0,0.9850772626931568,0.010066225165562914,0.11
11,0.006622516556291391,0.0,0.9833112582781457,0.010066225165562914,0.12
12,0.007770419426048565,0.0,0.9821633554083885,0.010066225165562914,0.13
13,0.011125827814569536,0.0,0.9788079470198675,0.010066225165562914,0.14
14,0.01598233995584989,0.0,0.9739514348785872,0.010066225165562914,0.15
15,0.018454746136865343,0.0,0.9714790286975717,0.010066225165562914,0.16
16,0.02357615894039735,0.0,0.9663576158940398,0.010066225165562914,0.17
17,0.02966887417218543,0.0,0.9602649006622517,0.010066225165562914,0.18
18,0.03196467991169978,0.0,0.9579690949227373,0.010066225165562914,0.19
19,0.03849889624724062,0.0,0.9514348785871964,0.010066225165562914,0.2
20,0.048741721854304636,0.0,0.9411920529801324,0.010066225165562914,0.21
21,0.05403973509933775,0.0,0.9358940397350993,0.010066225165562914,0.22
22,0.06472406181015453,0.0,0.9252097130242826,0.010066225165562914,0.23
23,0.0776158940397351,0.0,0.912317880794702,0.010066225165562914,0.24
24,0.09333333333333334,0.0,0.8966004415011037,0.010066225165562914,0.25
25,0.1016335540838852,0.0,0.8883002207505519,0.010066225165562914,0.26
26,0.12141280353200883,0.0,0.8685209713024282,0.010066225165562914,0.27
27,0.13774834437086092,0.0,0.8521854304635762,0.010066225165562914,0.28
28,0.14754966887417217,0.0,0.8423841059602649,0.010066225165562914,0.29
29,0.17183222958057395,0.0,0.8181015452538631,0.010066225165562914,0.3
30,0.1930242825607064,0.0,0.7969094922737306,0.010066225165562914,0.31
31,0.2038852097130243,0.0,0.7860485651214129,0.010066225165562914,0.32
32,0.22958057395143489,0.0,0.7603532008830022,0.010066225165562914,0.33
33,0.25350993377483444,0.00017660044150110375,0.7364238410596027,0.00988962472406181,0.34
34,0.26675496688741723,0.00017660044150110375,0.7231788079470198,0.00988962472406181,0.35
35,0.2943046357615894,0.00017660044150110375,0.6956291390728477,0.00988962472406181,0.36
36,0.32388520971302426,0.00017660044150110375,0.6660485651214128,0.00988962472406181,0.37
37,0.33818984547461367,0.00017660044150110375,0.6517439293598234,0.00988962472406181,0.38
38,0.3697130242825607,0.00017660044150110375,0.6202207505518764,0.00988962472406181,0.39
39,0.400794701986755,0.00017660044150110375,0.5891390728476821,0.00988962472406181,0.4
40,0.4180132450331126,0.00017660044150110375,0.5719205298013245,0.00988962472406181,0.41
41,0.4508609271523179,0.00017660044150110375,0.5390728476821192,0.00988962472406181,0.42
42,0.48450331125827817,0.00017660044150110375,0.505430463576159,0.00988962472406181,0.43
43,0.5013686534216335,0.00017660044150110375,0.4885651214128035,0.00988962472406181,0.44
44,0.5319205298013245,0.00026490066225165563,0.4580132450331126,0.00980132450331126,0.45
45,0.5634437086092715,0.00026490066225165563,0.42649006622516555,0.00980132450331126,0.46
46,0.5773951434878587,0.00026490066225165563,0.41253863134657837,0.00980132450331126,0.47
47,0.6073289183222959,0.00026490066225165563,0.38260485651214127,0.00980132450331126,0.48
48,0.6381456953642384,0.0005298013245033113,0.3517880794701987,0.009536423841059603,0.49
49,0.6525386313465784,0.0005298013245033113,0.3373951434878587,0.009536423841059603,0.5
50,0.6790286975717439,0.000706401766004415,0.3109050772626932,0.009359823399558499,0.51
51,0.7072847682119205,0.000706401766004415,0.2826490066225166,0.009359823399558499,0.52
52,0.7349227373068433,0.0007947019867549669,0.2550110375275938,0.009271523178807948,0.53
53,0.746225165562914,0.0008830022075055188,0.24370860927152319,0.009183222958057395,0.54
54,0.7708609271523179,0.0008830022075055188,0.2190728476821192,0.009183222958057395,0.55
55,0.7924061810154526,0.0009713024282560706,0.19752759381898455,0.009094922737306844,0.56
56,0.80158940397351,0.0011479028697571744,0.18834437086092715,0.00891832229580574,0.57
57,0.821280353200883,0.0012362030905077263,0.1686534216335541,0.008830022075055188,0.58
58,0.8410596026490066,0.0012362030905077263,0.14887417218543048,0.008830022075055188,0.59
59,0.8507726269315673,0.001501103752759382,0.13916114790286976,0.008565121412803533,0.6
60,0.8667549668874173,0.001501103752759382,0.12317880794701987,0.008565121412803533,0.61
61,0.8815894039735099,0.0015894039735099338,0.10834437086092716,0.00847682119205298,0.62
62,0.8882119205298014,0.0015894039735099338,0.10172185430463576,0.00847682119205298,0.63
63,0.9019867549668874,0.0016777041942604856,0.08794701986754967,0.008388520971302429,0.64
64,0.9124061810154526,0.0017660044150110375,0.07752759381898455,0.008300220750551876,0.65
65,0.9178807947019868,0.002030905077262693,0.07205298013245033,0.008035320088300222,0.66
66,0.9290066225165563,0.002295805739514349,0.060927152317880796,0.007770419426048565,0.67
67,0.9394260485651215,0.0024724061810154525,0.05050772626931568,0.007593818984547461,0.68
68,0.9448123620309051,0.0026490066225165563,0.04512141280353201,0.007417218543046358,0.69
69,0.9522295805739515,0.002913907284768212,0.03770419426048565,0.007152317880794702,0.7
70,0.9589403973509933,0.003443708609271523,0.030993377483443708,0.006622516556291391,0.71
71,0.9615894039735099,0.003620309050772627,0.028344370860927153,0.006445916114790287,0.72
72,0.9665342163355408,0.003973509933774834,0.023399558498896248,0.0060927152317880795,0.73
73,0.9707726269315673,0.004326710816777042,0.019161147902869758,0.005739514348785872,0.74
74,0.9731567328918322,0.004415011037527594,0.016777041942604858,0.00565121412803532,0.75
75,0.9766004415011037,0.004503311258278146,0.013333333333333334,0.005562913907284768,0.76
76,0.9794260485651214,0.004856512141280353,0.010507726269315674,0.005209713024282561,0.77
77,0.9818101545253863,0.005121412803532009,0.008123620309050773,0.004944812362030905,0.78
78,0.9825165562913907,0.0053863134657836645,0.007417218543046358,0.0046799116997792494,0.79
79,0.9847240618101545,0.00565121412803532,0.005209713024282561,0.004415011037527594,0.8
80,0.9856953642384106,0.005916114790286976,0.00423841059602649,0.004150110375275938,0.81
81,0.9864900662251656,0.006269315673289183,0.003443708609271523,0.0037969094922737307,0.82
82,0.9872847682119206,0.006887417218543046,0.0026490066225165563,0.0031788079470198675,0.83
83,0.9876379690949227,0.007328918322295806,0.002295805739514349,0.002737306843267108,0.84
84,0.9878145695364239,0.007682119205298013,0.002119205298013245,0.0023841059602649007,0.85
85,0.9883443708609272,0.007947019867549669,0.0015894039735099338,0.002119205298013245,0.86
86,0.9889624724061811,0.008035320088300222,0.0009713024282560706,0.002030905077262693,0.87
87,0.9890507726269315,0.008388520971302429,0.0008830022075055188,0.0016777041942604856,0.88
88,0.9892273730684327,0.008653421633554084,0.000706401766004415,0.00141280353200883,0.89
89,0.9894922737306844,0.009094922737306844,0.0004415011037527594,0.0009713024282560706,0.9
90,0.9895805739514348,0.009183222958057395,0.0003532008830022075,0.0008830022075055188,0.91
91,0.989757174392936,0.009624724061810155,0.00017660044150110375,0.0004415011037527594,0.92
92,0.9898454746136865,0.009713024282560706,8.830022075055188e-05,0.0003532008830022075,0.93
93,0.9898454746136865,0.009977924944812363,8.830022075055188e-05,8.830022075055188e-05,0.94
94,0.9899337748344371,0.009977924944812363,0.0,8.830022075055188e-05,0.95
95,0.9899337748344371,0.009977924944812363,0.0,8.830022075055188e-05,0.96
96,0.9899337748344371,0.009977924944812363,0.0,8.830022075055188e-05,0.97
97,0.9899337748344371,0.009977924944812363,0.0,8.830022075055188e-05,0.98
98,0.9899337748344371,0.009977924944812363,0.0,8.830022075055188e-05,0.99
99,0.9899337748344371,0.009977924944812363,0.0,8.830022075055188e-05,1.0
