,tn,fp,fn,tp,percentage
0,0.00026490066225165563,0.0,0.9896688741721854,0.010066225165562914,0.01
1,0.000706401766004415,0.0,0.9892273730684327,0.010066225165562914,0.02
2,0.0013245033112582781,0.0,0.9886092715231788,0.010066225165562914,0.03
3,0.0019426048565121413,0.0,0.9879911699779249,0.010066225165562914,0.04
4,0.0026490066225165563,0.0,0.9872847682119206,0.010066225165562914,0.05
5,0.003708609271523179,0.0,0.986225165562914,0.010066225165562914,0.06
6,0.00565121412803532,0.0,0.9842825607064017,0.010066225165562914,0.07
7,0.007858719646799118,0.0,0.9820750551876379,0.010066225165562914,0.08
8,0.008830022075055188,0.0,0.9811037527593819,0.010066225165562914,0.09
9,0.012362030905077263,0.0,0.9775717439293599,0.010066225165562914,0.1
10,0.01598233995584989,0.0,0.9739514348785872,0.010066225165562914,0.11
11,0.020485651214128035,0.0,0.9694481236203091,0.010066225165562914,0.12
12,0.024105960264900663,0.0,0.9658278145695364,0.010066225165562914,0.13
13,0.030286975717439293,0.0,0.9596467991169978,0.010066225165562914,0.14
14,0.03629139072847682,0.0,0.9536423841059603,0.010066225165562914,0.15
15,0.044415011037527596,0.0,0.9455187637969095,0.010066225165562914,0.16
16,0.0469757174392936,0.0,0.9429580573951435,0.010066225165562914,0.17
17,0.0541280353200883,8.830022075055188e-05,0.9358057395143488,0.009977924944812363,0.18
18,0.062428256070640176,8.830022075055188e-05,0.9275055187637969,0.009977924944812363,0.19
19,0.07214128035320089,8.830022075055188e-05,0.9177924944812362,0.009977924944812363,0.2
20,0.08247240618101545,8.830022075055188e-05,0.9074613686534216,0.009977924944812363,0.21
21,0.09245033112582782,8.830022075055188e-05,0.8974834437086092,0.009977924944812363,0.22
22,0.10295805739514349,8.830022075055188e-05,0.8869757174392936,0.009977924944812363,0.23
23,0.11593818984547462,8.830022075055188e-05,0.8739955849889625,0.009977924944812363,0.24
24,0.12264900662251656,8.830022075055188e-05,0.8672847682119206,0.009977924944812363,0.25
25,0.13571743929359822,8.830022075055188e-05,0.8542163355408389,0.009977924944812363,0.26
26,0.1479028697571744,0.00017660044150110375,0.8420309050772627,0.00988962472406181,0.27
27,0.16079470198675497,0.00017660044150110375,0.8291390728476821,0.00988962472406181,0.28
28,0.17660044150110377,0.00026490066225165563,0.8133333333333334,0.00980132450331126,0.29
29,0.189757174392936,0.00026490066225165563,0.8001766004415011,0.00980132450331126,0.3
30,0.20459161147902868,0.00026490066225165563,0.7853421633554084,0.00980132450331126,0.31
31,0.21951434878587198,0.0003532008830022075,0.7704194260485652,0.009713024282560706,0.32
32,0.23496688741721855,0.0003532008830022075,0.7549668874172185,0.009713024282560706,0.33
33,0.24432671081677704,0.0003532008830022075,0.7456070640176601,0.009713024282560706,0.34
34,0.2627814569536424,0.0003532008830022075,0.7271523178807947,0.009713024282560706,0.35
35,0.28008830022075054,0.0003532008830022075,0.7098454746136865,0.009713024282560706,0.36
36,0.29607064017660045,0.0003532008830022075,0.6938631346578367,0.009713024282560706,0.37
37,0.31293598233995584,0.0003532008830022075,0.6769977924944812,0.009713024282560706,0.38
38,0.33130242825607065,0.0003532008830022075,0.6586313465783664,0.009713024282560706,0.39
39,0.35161147902869755,0.0003532008830022075,0.6383222958057395,0.009713024282560706,0.4
40,0.36812362030905077,0.0003532008830022075,0.6218101545253863,0.009713024282560706,0.41
41,0.37695364238410595,0.0004415011037527594,0.6129801324503311,0.009624724061810155,0.42
42,0.3952317880794702,0.0004415011037527594,0.5947019867549669,0.009624724061810155,0.43
43,0.41262693156732894,0.0004415011037527594,0.5773068432671081,0.009624724061810155,0.44
44,0.4308167770419426,0.0005298013245033113,0.5591169977924945,0.009536423841059603,0.45
45,0.4509492273730684,0.000706401766004415,0.5389845474613687,0.009359823399558499,0.46
46,0.4694039735099338,0.0008830022075055188,0.5205298013245033,0.009183222958057395,0.47
47,0.487682119205298,0.0008830022075055188,0.5022516556291391,0.009183222958057395,0.48
48,0.5062251655629139,0.0008830022075055188,0.4837086092715232,0.009183222958057395,0.49
49,0.5154083885209713,0.0008830022075055188,0.4745253863134658,0.009183222958057395,0.5
50,0.5333333333333333,0.0010596026490066225,0.45660044150110374,0.009006622516556291,0.51
51,0.5511699779249448,0.0010596026490066225,0.4387637969094923,0.009006622516556291,0.52
52,0.5696247240618102,0.0010596026490066225,0.4203090507726269,0.009006622516556291,0.53
53,0.58719646799117,0.0010596026490066225,0.4027373068432671,0.009006622516556291,0.54
54,0.6049448123620309,0.0012362030905077263,0.38498896247240616,0.008830022075055188,0.55
55,0.6241059602649006,0.00141280353200883,0.36582781456953645,0.008653421633554084,0.56
56,0.6401766004415012,0.001501103752759382,0.34975717439293597,0.008565121412803533,0.57
57,0.6554525386313466,0.001501103752759382,0.3344812362030905,0.008565121412803533,0.58
58,0.6649006622516557,0.0016777041942604856,0.32503311258278145,0.008388520971302429,0.59
59,0.6816777041942604,0.0018543046357615894,0.3082560706401766,0.008211920529801325,0.6
60,0.700309050772627,0.0019426048565121413,0.28962472406181017,0.008123620309050773,0.61
61,0.7177041942604857,0.002030905077262693,0.2722295805739514,0.008035320088300222,0.62
62,0.7335099337748344,0.002119205298013245,0.25642384105960264,0.007947019867549669,0.63
63,0.7508167770419426,0.0024724061810154525,0.23911699779249448,0.007593818984547461,0.64
64,0.7680353200883002,0.0026490066225165563,0.22189845474613687,0.007417218543046358,0.65
65,0.7827814569536424,0.002737306843267108,0.2071523178807947,0.007328918322295806,0.66
66,0.7891390728476821,0.002737306843267108,0.20079470198675498,0.007328918322295806,0.67
67,0.8027373068432672,0.002913907284768212,0.18719646799116998,0.007152317880794702,0.68
68,0.8167770419426048,0.0030905077262693157,0.17315673289183223,0.006975717439293598,0.69
69,0.828962472406181,0.003443708609271523,0.16097130242825608,0.006622516556291391,0.7
70,0.840794701986755,0.003443708609271523,0.14913907284768213,0.006622516556291391,0.71
71,0.8546578366445916,0.0038852097130242826,0.13527593818984548,0.006181015452538631,0.72
72,0.8663134657836644,0.003973509933774834,0.12362030905077263,0.0060927152317880795,0.73
73,0.8772626931567329,0.004150110375275938,0.11267108167770419,0.005916114790286976,0.74
74,0.8822958057395144,0.004150110375275938,0.10763796909492274,0.005916114790286976,0.75
75,0.8919205298013245,0.004591611479028698,0.09801324503311258,0.005474613686534216,0.76
76,0.9024282560706401,0.0046799116997792494,0.0875055187637969,0.0053863134657836645,0.77
77,0.9110816777041942,0.004944812362030905,0.07885209713024283,0.005121412803532009,0.78
78,0.9191169977924945,0.005121412803532009,0.0708167770419426,0.004944812362030905,0.79
79,0.9274172185430464,0.005298013245033113,0.06251655629139073,0.004768211920529801,0.8
80,0.9350993377483444,0.005827814569536424,0.054834437086092716,0.00423841059602649,0.81
81,0.9441059602649007,0.006181015452538631,0.045827814569536426,0.0038852097130242826,0.82
82,0.950551876379691,0.006269315673289183,0.039381898454746135,0.0037969094922737307,0.83
83,0.9533774834437087,0.006710816777041943,0.036556291390728475,0.0033554083885209713,0.84
84,0.9601766004415011,0.006975717439293598,0.029757174392935983,0.0030905077262693157,0.85
85,0.9650331125827815,0.007328918322295806,0.02490066225165563,0.002737306843267108,0.86
86,0.9696247240618101,0.007858719646799118,0.020309050772626933,0.002207505518763797,0.87
87,0.9738631346578367,0.008300220750551876,0.016070640176600443,0.0017660044150110375,0.88
88,0.977130242825607,0.00847682119205298,0.012803532008830023,0.0015894039735099338,0.89
89,0.9796909492273731,0.008741721854304637,0.010242825607064018,0.0013245033112582781,0.9
90,0.9817218543046358,0.008741721854304637,0.008211920529801325,0.0013245033112582781,0.91
91,0.9826931567328918,0.008830022075055188,0.007240618101545254,0.0012362030905077263,0.92
92,0.9847240618101545,0.009006622516556291,0.005209713024282561,0.0010596026490066225,0.93
93,0.9865783664459161,0.009183222958057395,0.0033554083885209713,0.0008830022075055188,0.94
94,0.9875496688741722,0.009448123620309052,0.0023841059602649007,0.0006181015452538631,0.95
95,0.9886975717439294,0.009536423841059603,0.0012362030905077263,0.0005298013245033113,0.96
96,0.9894922737306844,0.009624724061810155,0.0004415011037527594,0.0004415011037527594,0.97
97,0.989757174392936,0.00980132450331126,0.00017660044150110375,0.00026490066225165563,0.98
98,0.989757174392936,0.00988962472406181,0.00017660044150110375,0.00017660044150110375,0.99
99,0.9898454746136865,0.009977924944812363,8.830022075055188e-05,8.830022075055188e-05,1.0
