,tn,fp,fn,tp,percentage
0,8.830022075055188e-05,0.0,0.9898454746136865,0.010066225165562914,0.01
1,0.00017660044150110375,0.0,0.989757174392936,0.010066225165562914,0.02
2,0.00026490066225165563,0.0,0.9896688741721854,0.010066225165562914,0.03
3,0.00026490066225165563,0.0,0.9896688741721854,0.010066225165562914,0.04
4,0.00141280353200883,0.0,0.9885209713024282,0.010066225165562914,0.05
5,0.0019426048565121413,0.0,0.9879911699779249,0.010066225165562914,0.06
6,0.002295805739514349,0.0,0.9876379690949227,0.010066225165562914,0.07
7,0.003708609271523179,0.0,0.986225165562914,0.010066225165562914,0.08
8,0.004856512141280353,0.0,0.9850772626931568,0.010066225165562914,0.09
9,0.007947019867549669,0.0,0.9819867549668874,0.010066225165562914,0.1
10,0.010066225165562914,0.0,0.9798675496688741,0.010066225165562914,0.11
11,0.013421633554083885,0.0,0.9765121412803532,0.010066225165562914,0.12
12,0.016688741721854305,0.0,0.9732450331125828,0.010066225165562914,0.13
13,0.026225165562913908,0.0,0.9637086092715231,0.010066225165562914,0.14
14,0.031788079470198675,0.0,0.9581456953642384,0.010066225165562914,0.15
15,0.03991169977924945,0.0,0.9500220750551877,0.010066225165562914,0.16
16,0.048300220750551875,0.0,0.9416335540838852,0.010066225165562914,0.17
17,0.05836644591611479,0.0,0.9315673289183223,0.010066225165562914,0.18
18,0.08282560706401766,0.0,0.9071081677704195,0.010066225165562914,0.19
19,0.09951434878587197,0.0,0.8904194260485652,0.010066225165562914,0.2
20,0.11549668874172185,0.0,0.8744370860927152,0.010066225165562914,0.21
21,0.136158940397351,0.0,0.8537748344370861,0.010066225165562914,0.22
22,0.1816335540838852,0.0,0.8083002207505519,0.010066225165562914,0.23
23,0.2115673289183223,0.0,0.7783664459161148,0.010066225165562914,0.24
24,0.2418543046357616,0.0,0.7480794701986755,0.010066225165562914,0.25
25,0.27328918322295803,0.0,0.716644591611479,0.010066225165562914,0.26
26,0.31055187637969095,0.0,0.6793818984547462,0.010066225165562914,0.27
27,0.3829580573951435,0.0,0.6069757174392936,0.010066225165562914,0.28
28,0.4185430463576159,0.0,0.5713907284768212,0.010066225165562914,0.29
29,0.4583664459161148,0.0,0.5315673289183223,0.010066225165562914,0.3
30,0.4981898454746137,0.0,0.4917439293598234,0.010066225165562914,0.31
31,0.5729801324503311,8.830022075055188e-05,0.416953642384106,0.009977924944812363,0.32
32,0.6116556291390729,0.00017660044150110375,0.3782781456953642,0.00988962472406181,0.33
33,0.6446799116997792,0.00017660044150110375,0.34525386313465783,0.00988962472406181,0.34
34,0.6786754966887417,0.00017660044150110375,0.31125827814569534,0.00988962472406181,0.35
35,0.7100220750551877,0.00017660044150110375,0.27991169977924946,0.00988962472406181,0.36
36,0.7660044150110376,0.00026490066225165563,0.22392935982339957,0.00980132450331126,0.37
37,0.7904635761589404,0.00026490066225165563,0.1994701986754967,0.00980132450331126,0.38
38,0.8129801324503311,0.0003532008830022075,0.17695364238410596,0.009713024282560706,0.39
39,0.8322295805739515,0.0005298013245033113,0.15770419426048565,0.009536423841059603,0.4
40,0.8669315673289183,0.000706401766004415,0.12300220750551877,0.009359823399558499,0.41
41,0.882384105960265,0.0007947019867549669,0.10754966887417218,0.009271523178807948,0.42
42,0.8945695364238411,0.0008830022075055188,0.09536423841059603,0.009183222958057395,0.43
43,0.9049006622516557,0.0011479028697571744,0.08503311258278146,0.00891832229580574,0.44
44,0.914878587196468,0.0013245033112582781,0.07505518763796909,0.008741721854304637,0.45
45,0.9322737306843267,0.0015894039735099338,0.057660044150110376,0.00847682119205298,0.46
46,0.9396909492273731,0.0016777041942604856,0.050242825607064015,0.008388520971302429,0.47
47,0.9456953642384106,0.0017660044150110375,0.04423841059602649,0.008300220750551876,0.48
48,0.9519646799116998,0.0018543046357615894,0.037969094922737305,0.008211920529801325,0.49
49,0.9576158940397351,0.002030905077262693,0.032317880794701985,0.008035320088300222,0.5
50,0.9647682119205298,0.002207505518763797,0.025165562913907286,0.007858719646799118,0.51
51,0.9679470198675497,0.0023841059602649007,0.021986754966887418,0.007682119205298013,0.52
52,0.9709492273730684,0.0025607064017660044,0.018984547461368653,0.0075055187637969095,0.53
53,0.9734216335540838,0.0026490066225165563,0.0165121412803532,0.007417218543046358,0.54
54,0.9778366445916115,0.002913907284768212,0.012097130242825608,0.007152317880794702,0.55
55,0.9789845474613686,0.003443708609271523,0.010949227373068433,0.006622516556291391,0.56
56,0.9800441501103753,0.0037969094922737307,0.00988962472406181,0.006269315673289183,0.57
57,0.9807505518763797,0.004061810154525386,0.009183222958057395,0.006004415011037528,0.58
58,0.9817218543046358,0.004591611479028698,0.008211920529801325,0.005474613686534216,0.59
59,0.9829580573951435,0.005474613686534216,0.006975717439293598,0.004591611479028698,0.6
60,0.983841059602649,0.005562913907284768,0.0060927152317880795,0.004503311258278146,0.61
61,0.9845474613686535,0.006004415011037528,0.0053863134657836645,0.004061810154525386,0.62
62,0.9854304635761589,0.006004415011037528,0.004503311258278146,0.004061810154525386,0.63
63,0.9867549668874173,0.006534216335540839,0.0031788079470198675,0.003532008830022075,0.64
64,0.9872847682119206,0.0067991169977924945,0.0026490066225165563,0.0032671081677704194,0.65
65,0.9878145695364239,0.006975717439293598,0.002119205298013245,0.0030905077262693157,0.66
66,0.9879911699779249,0.007328918322295806,0.0019426048565121413,0.002737306843267108,0.67
67,0.9884326710816776,0.007682119205298013,0.001501103752759382,0.0023841059602649007,0.68
68,0.9886975717439294,0.00847682119205298,0.0012362030905077263,0.0015894039735099338,0.69
69,0.9890507726269315,0.008565121412803533,0.0008830022075055188,0.001501103752759382,0.7
70,0.9892273730684327,0.008741721854304637,0.000706401766004415,0.0013245033112582781,0.71
71,0.9894039735099338,0.008741721854304637,0.0005298013245033113,0.0013245033112582781,0.72
72,0.9895805739514348,0.009094922737306844,0.0003532008830022075,0.0009713024282560706,0.73
73,0.9896688741721854,0.009271523178807948,0.00026490066225165563,0.0007947019867549669,0.74
74,0.989757174392936,0.009271523178807948,0.00017660044150110375,0.0007947019867549669,0.75
75,0.989757174392936,0.009359823399558499,0.00017660044150110375,0.000706401766004415,0.76
76,0.989757174392936,0.009448123620309052,0.00017660044150110375,0.0006181015452538631,0.77
77,0.9898454746136865,0.009624724061810155,8.830022075055188e-05,0.0004415011037527594,0.78
78,0.9899337748344371,0.009624724061810155,0.0,0.0004415011037527594,0.79
79,0.9899337748344371,0.009713024282560706,0.0,0.0003532008830022075,0.8
80,0.9899337748344371,0.00980132450331126,0.0,0.00026490066225165563,0.81
81,0.9899337748344371,0.009977924944812363,0.0,8.830022075055188e-05,0.82
82,0.9899337748344371,0.009977924944812363,0.0,8.830022075055188e-05,0.83
83,0.9899337748344371,0.009977924944812363,0.0,8.830022075055188e-05,0.84
84,0.9899337748344371,0.009977924944812363,0.0,8.830022075055188e-05,0.85
85,0.9899337748344371,0.009977924944812363,0.0,8.830022075055188e-05,0.86
86,0.9899337748344371,0.009977924944812363,0.0,8.830022075055188e-05,0.87
87,0.9899337748344371,0.009977924944812363,0.0,8.830022075055188e-05,0.88
88,0.9899337748344371,0.009977924944812363,0.0,8.830022075055188e-05,0.89
89,0.9899337748344371,0.009977924944812363,0.0,8.830022075055188e-05,0.9
90,0.9899337748344371,0.009977924944812363,0.0,8.830022075055188e-05,0.91
91,0.9899337748344371,0.009977924944812363,0.0,8.830022075055188e-05,0.92
92,0.9899337748344371,0.009977924944812363,0.0,8.830022075055188e-05,0.93
93,0.9899337748344371,0.009977924944812363,0.0,8.830022075055188e-05,0.94
94,0.9899337748344371,0.009977924944812363,0.0,8.830022075055188e-05,0.95
95,0.9899337748344371,0.009977924944812363,0.0,8.830022075055188e-05,0.96
96,0.9899337748344371,0.009977924944812363,0.0,8.830022075055188e-05,0.97
97,0.9899337748344371,0.009977924944812363,0.0,8.830022075055188e-05,0.98
98,0.9899337748344371,0.009977924944812363,0.0,8.830022075055188e-05,0.99
99,0.9899337748344371,0.009977924944812363,0.0,8.830022075055188e-05,1.0
