,tn,fp,fn,tp,percentage
0,0.00026490066225165563,0.0,0.9896688741721854,0.010066225165562914,0.01
1,0.00026490066225165563,0.0,0.9896688741721854,0.010066225165562914,0.02
2,0.0004415011037527594,0.0,0.9894922737306844,0.010066225165562914,0.03
3,0.0007947019867549669,0.0,0.9891390728476821,0.010066225165562914,0.04
4,0.002207505518763797,0.0,0.9877262693156733,0.010066225165562914,0.05
5,0.0024724061810154525,0.0,0.9874613686534216,0.010066225165562914,0.06
6,0.005209713024282561,0.0,0.9847240618101545,0.010066225165562914,0.07
7,0.006622516556291391,0.0,0.9833112582781457,0.010066225165562914,0.08
8,0.009094922737306844,0.0,0.9808388520971303,0.010066225165562914,0.09
9,0.011655629139072848,0.0,0.9782781456953642,0.010066225165562914,0.1
10,0.014834437086092715,0.0,0.9750993377483443,0.010066225165562914,0.11
11,0.01977924944812362,0.0,0.9701545253863134,0.010066225165562914,0.12
12,0.02525386313465784,0.0,0.9646799116997793,0.010066225165562914,0.13
13,0.039735099337748346,0.0,0.9501986754966888,0.010066225165562914,0.14
14,0.04812362030905077,0.0,0.9418101545253863,0.010066225165562914,0.15
15,0.059602649006622516,0.0,0.9303311258278145,0.010066225165562914,0.16
16,0.0728476821192053,0.0,0.9170860927152318,0.010066225165562914,0.17
17,0.08688741721854305,0.0,0.903046357615894,0.010066225165562914,0.18
18,0.10649006622516556,0.0,0.8834437086092716,0.010066225165562914,0.19
19,0.15214128035320088,0.0,0.8377924944812362,0.010066225165562914,0.2
20,0.17880794701986755,0.0,0.8111258278145695,0.010066225165562914,0.21
21,0.210242825607064,0.0,0.779690949227373,0.010066225165562914,0.22
22,0.24379690949227373,0.0,0.7461368653421634,0.010066225165562914,0.23
23,0.2798233995584989,0.0,0.7101103752759382,0.010066225165562914,0.24
24,0.32079470198675497,0.0,0.6691390728476821,0.010066225165562914,0.25
25,0.36229580573951436,0.0,0.6276379690949228,0.010066225165562914,0.26
26,0.4508609271523179,8.830022075055188e-05,0.5390728476821192,0.009977924944812363,0.27
27,0.4952759381898455,8.830022075055188e-05,0.4946578366445916,0.009977924944812363,0.28
28,0.5381898454746137,8.830022075055188e-05,0.4517439293598234,0.009977924944812363,0.29
29,0.5799558498896247,8.830022075055188e-05,0.4099779249448124,0.009977924944812363,0.3
30,0.6234878587196468,8.830022075055188e-05,0.36644591611479027,0.009977924944812363,0.31
31,0.6636644591611479,0.00026490066225165563,0.3262693156732892,0.00980132450331126,0.32
32,0.6985430463576159,0.00026490066225165563,0.2913907284768212,0.00980132450331126,0.33
33,0.7652097130242825,0.00026490066225165563,0.22472406181015453,0.00980132450331126,0.34
34,0.7924061810154526,0.00026490066225165563,0.19752759381898455,0.00980132450331126,0.35
35,0.8174834437086093,0.0004415011037527594,0.1724503311258278,0.009624724061810155,0.36
36,0.8377041942604857,0.0006181015452538631,0.15222958057395145,0.009448123620309052,0.37
37,0.8559823399558499,0.0007947019867549669,0.13395143487858718,0.009271523178807948,0.38
38,0.874083885209713,0.0008830022075055188,0.11584988962472406,0.009183222958057395,0.39
39,0.8901545253863135,0.0010596026490066225,0.09977924944812362,0.009006622516556291,0.4
40,0.9160264900662252,0.0012362030905077263,0.07390728476821191,0.008830022075055188,0.41
41,0.9260044150110375,0.00141280353200883,0.06392935982339956,0.008653421633554084,0.42
42,0.9336865342163355,0.0016777041942604856,0.056247240618101546,0.008388520971302429,0.43
43,0.9404856512141281,0.0017660044150110375,0.04944812362030905,0.008300220750551876,0.44
44,0.9478145695364238,0.0017660044150110375,0.042119205298013246,0.008300220750551876,0.45
45,0.9535540838852097,0.0018543046357615894,0.036379690949227377,0.008211920529801325,0.46
46,0.9627373068432671,0.002119205298013245,0.027196467991169978,0.007947019867549669,0.47
47,0.9662693156732892,0.002207505518763797,0.023664459161147903,0.007858719646799118,0.48
48,0.9692715231788079,0.0025607064017660044,0.02066225165562914,0.0075055187637969095,0.49
49,0.972008830022075,0.002737306843267108,0.01792494481236203,0.007328918322295806,0.5
50,0.9741280353200883,0.002913907284768212,0.015805739514348785,0.007152317880794702,0.51
51,0.9762472406181015,0.0030905077262693157,0.013686534216335542,0.006975717439293598,0.52
52,0.9781015452538632,0.003532008830022075,0.011832229580573951,0.006534216335540839,0.53
53,0.9807505518763797,0.003973509933774834,0.009183222958057395,0.0060927152317880795,0.54
54,0.9811920529801325,0.004503311258278146,0.008741721854304637,0.005562913907284768,0.55
55,0.9823399558498896,0.004591611479028698,0.007593818984547461,0.005474613686534216,0.56
56,0.9829580573951435,0.005033112582781457,0.006975717439293598,0.005033112582781457,0.57
57,0.9840176600441501,0.005562913907284768,0.005916114790286976,0.004503311258278146,0.58
58,0.9845474613686535,0.005739514348785872,0.0053863134657836645,0.004326710816777042,0.59
59,0.9850772626931568,0.006004415011037528,0.004856512141280353,0.004061810154525386,0.6
60,0.9868432671081677,0.006975717439293598,0.0030905077262693157,0.0030905077262693157,0.61
61,0.9875496688741722,0.0075055187637969095,0.0023841059602649007,0.0025607064017660044,0.62
62,0.9882560706401766,0.007682119205298013,0.0016777041942604856,0.0023841059602649007,0.63
63,0.9882560706401766,0.007770419426048565,0.0016777041942604856,0.002295805739514349,0.64
64,0.9884326710816776,0.008035320088300222,0.001501103752759382,0.002030905077262693,0.65
65,0.9886975717439294,0.008211920529801325,0.0012362030905077263,0.0018543046357615894,0.66
66,0.9893156732891832,0.00847682119205298,0.0006181015452538631,0.0015894039735099338,0.67
67,0.9894039735099338,0.008653421633554084,0.0005298013245033113,0.00141280353200883,0.68
68,0.9894039735099338,0.00891832229580574,0.0005298013245033113,0.0011479028697571744,0.69
69,0.9895805739514348,0.009006622516556291,0.0003532008830022075,0.0010596026490066225,0.7
70,0.9896688741721854,0.009271523178807948,0.00026490066225165563,0.0007947019867549669,0.71
71,0.9898454746136865,0.009359823399558499,8.830022075055188e-05,0.000706401766004415,0.72
72,0.9898454746136865,0.009448123620309052,8.830022075055188e-05,0.0006181015452538631,0.73
73,0.9898454746136865,0.009448123620309052,8.830022075055188e-05,0.0006181015452538631,0.74
74,0.9898454746136865,0.009624724061810155,8.830022075055188e-05,0.0004415011037527594,0.75
75,0.9898454746136865,0.009624724061810155,8.830022075055188e-05,0.0004415011037527594,0.76
76,0.9898454746136865,0.009713024282560706,8.830022075055188e-05,0.0003532008830022075,0.77
77,0.9898454746136865,0.00988962472406181,8.830022075055188e-05,0.00017660044150110375,0.78
78,0.9899337748344371,0.00988962472406181,0.0,0.00017660044150110375,0.79
79,0.9899337748344371,0.00988962472406181,0.0,0.00017660044150110375,0.8
80,0.9899337748344371,0.009977924944812363,0.0,8.830022075055188e-05,0.81
81,0.9899337748344371,0.009977924944812363,0.0,8.830022075055188e-05,0.82
82,0.9899337748344371,0.009977924944812363,0.0,8.830022075055188e-05,0.83
83,0.9899337748344371,0.009977924944812363,0.0,8.830022075055188e-05,0.84
84,0.9899337748344371,0.009977924944812363,0.0,8.830022075055188e-05,0.85
85,0.9899337748344371,0.009977924944812363,0.0,8.830022075055188e-05,0.86
86,0.9899337748344371,0.009977924944812363,0.0,8.830022075055188e-05,0.87
87,0.9899337748344371,0.009977924944812363,0.0,8.830022075055188e-05,0.88
88,0.9899337748344371,0.009977924944812363,0.0,8.830022075055188e-05,0.89
89,0.9899337748344371,0.009977924944812363,0.0,8.830022075055188e-05,0.9
90,0.9899337748344371,0.009977924944812363,0.0,8.830022075055188e-05,0.91
91,0.9899337748344371,0.009977924944812363,0.0,8.830022075055188e-05,0.92
92,0.9899337748344371,0.009977924944812363,0.0,8.830022075055188e-05,0.93
93,0.9899337748344371,0.009977924944812363,0.0,8.830022075055188e-05,0.94
94,0.9899337748344371,0.009977924944812363,0.0,8.830022075055188e-05,0.95
95,0.9899337748344371,0.009977924944812363,0.0,8.830022075055188e-05,0.96
96,0.9899337748344371,0.009977924944812363,0.0,8.830022075055188e-05,0.97
97,0.9899337748344371,0.009977924944812363,0.0,8.830022075055188e-05,0.98
98,0.9899337748344371,0.009977924944812363,0.0,8.830022075055188e-05,0.99
99,0.9899337748344371,0.009977924944812363,0.0,8.830022075055188e-05,1.0
