,tn,fp,fn,tp,percentage
0,0.0004415011037527594,0.0,0.9894922737306844,0.010066225165562914,0.01
1,0.0010596026490066225,0.0,0.9888741721854305,0.010066225165562914,0.02
2,0.002119205298013245,0.0,0.9878145695364239,0.010066225165562914,0.03
3,0.002737306843267108,0.0,0.98719646799117,0.010066225165562914,0.04
4,0.003443708609271523,0.0,0.9864900662251656,0.010066225165562914,0.05
5,0.005298013245033113,0.0,0.984635761589404,0.010066225165562914,0.06
6,0.007682119205298013,0.0,0.9822516556291391,0.010066225165562914,0.07
7,0.00988962472406181,0.0,0.9800441501103753,0.010066225165562914,0.08
8,0.01271523178807947,0.0,0.9772185430463576,0.010066225165562914,0.09
9,0.017041942604856513,0.0,0.9728918322295805,0.010066225165562914,0.1
10,0.02304635761589404,0.0,0.9668874172185431,0.010066225165562914,0.11
11,0.03664459161147903,0.0,0.9532891832229581,0.010066225165562914,0.12
12,0.04653421633554084,0.0,0.9433995584988962,0.010066225165562914,0.13
13,0.058101545253863136,0.0,0.931832229580574,0.010066225165562914,0.14
14,0.07178807947019868,0.0,0.9181456953642384,0.010066225165562914,0.15
15,0.08626931567328919,0.0,0.9036644591611479,0.010066225165562914,0.16
16,0.10560706401766004,0.0,0.884326710816777,0.010066225165562914,0.17
17,0.12980132450331125,0.0,0.8601324503311258,0.010066225165562914,0.18
18,0.1570860927152318,0.0,0.8328476821192053,0.010066225165562914,0.19
19,0.1865783664459161,0.0,0.8033554083885209,0.010066225165562914,0.2
20,0.2231346578366446,0.0,0.7667991169977925,0.010066225165562914,0.21
21,0.26101545253863134,0.0,0.7289183222958058,0.010066225165562914,0.22
22,0.34525386313465783,0.0,0.6446799116997792,0.010066225165562914,0.23
23,0.39549668874172184,0.0,0.5944370860927153,0.010066225165562914,0.24
24,0.4440618101545254,8.830022075055188e-05,0.5458719646799117,0.009977924944812363,0.25
25,0.49518763796909493,8.830022075055188e-05,0.4947461368653422,0.009977924944812363,0.26
26,0.5411920529801324,8.830022075055188e-05,0.4487417218543046,0.009977924944812363,0.27
27,0.5888741721854305,8.830022075055188e-05,0.40105960264900664,0.009977924944812363,0.28
28,0.634083885209713,8.830022075055188e-05,0.3558498896247241,0.009977924944812363,0.29
29,0.6754966887417219,8.830022075055188e-05,0.31443708609271526,0.009977924944812363,0.3
30,0.7138189845474614,0.00026490066225165563,0.2761147902869757,0.00980132450331126,0.31
31,0.7513465783664459,0.00026490066225165563,0.23858719646799117,0.00980132450331126,0.32
32,0.783841059602649,0.00026490066225165563,0.20609271523178807,0.00980132450331126,0.33
33,0.8328476821192053,0.0004415011037527594,0.1570860927152318,0.009624724061810155,0.34
34,0.8541280353200883,0.000706401766004415,0.1358057395143488,0.009359823399558499,0.35
35,0.8724061810154525,0.0007947019867549669,0.11752759381898455,0.009271523178807948,0.36
36,0.8897130242825607,0.0010596026490066225,0.10022075055187638,0.009006622516556291,0.37
37,0.903841059602649,0.0010596026490066225,0.08609271523178808,0.009006622516556291,0.38
38,0.9162913907284769,0.0011479028697571744,0.07364238410596026,0.00891832229580574,0.39
39,0.9270640176600442,0.001501103752759382,0.06286975717439294,0.008565121412803533,0.4
40,0.9355408388520972,0.0016777041942604856,0.054392935982339956,0.008388520971302429,0.41
41,0.9437527593818985,0.0017660044150110375,0.04618101545253863,0.008300220750551876,0.42
42,0.9501103752759382,0.0018543046357615894,0.039823399558498895,0.008211920529801325,0.43
43,0.9560264900662252,0.0018543046357615894,0.03390728476821192,0.008211920529801325,0.44
44,0.9649448123620309,0.002207505518763797,0.02498896247240618,0.007858719646799118,0.45
45,0.9687417218543046,0.0026490066225165563,0.02119205298013245,0.007417218543046358,0.46
46,0.9705077262693157,0.00282560706401766,0.019426048565121413,0.007240618101545254,0.47
47,0.9735099337748344,0.0030905077262693157,0.01642384105960265,0.006975717439293598,0.48
48,0.9759823399558499,0.0033554083885209713,0.013951434878587196,0.006710816777041943,0.49
49,0.9774834437086093,0.0033554083885209713,0.012450331125827815,0.006710816777041943,0.5
50,0.9788079470198675,0.0037969094922737307,0.011125827814569536,0.006269315673289183,0.51
51,0.9796909492273731,0.004061810154525386,0.010242825607064018,0.006004415011037528,0.52
52,0.9811037527593819,0.004591611479028698,0.008830022075055188,0.005474613686534216,0.53
53,0.9820750551876379,0.004856512141280353,0.007858719646799118,0.005209713024282561,0.54
54,0.9829580573951435,0.005033112582781457,0.006975717439293598,0.005033112582781457,0.55
55,0.9847240618101545,0.0060927152317880795,0.005209713024282561,0.003973509933774834,0.56
56,0.9854304635761589,0.006269315673289183,0.004503311258278146,0.0037969094922737307,0.57
57,0.9856953642384106,0.006887417218543046,0.00423841059602649,0.0031788079470198675,0.58
58,0.9863134657836644,0.007328918322295806,0.003620309050772627,0.002737306843267108,0.59
59,0.9869315673289183,0.0075055187637969095,0.003002207505518764,0.0025607064017660044,0.6
60,0.9878145695364239,0.007770419426048565,0.002119205298013245,0.002295805739514349,0.61
61,0.9879911699779249,0.008035320088300222,0.0019426048565121413,0.002030905077262693,0.62
62,0.9883443708609272,0.008211920529801325,0.0015894039735099338,0.0018543046357615894,0.63
63,0.9885209713024282,0.008300220750551876,0.00141280353200883,0.0017660044150110375,0.64
64,0.9887858719646799,0.008653421633554084,0.0011479028697571744,0.00141280353200883,0.65
65,0.9891390728476821,0.008741721854304637,0.0007947019867549669,0.0013245033112582781,0.66
66,0.9894039735099338,0.009094922737306844,0.0005298013245033113,0.0009713024282560706,0.67
67,0.9894922737306844,0.009271523178807948,0.0004415011037527594,0.0007947019867549669,0.68
68,0.989757174392936,0.009271523178807948,0.00017660044150110375,0.0007947019867549669,0.69
69,0.9898454746136865,0.009359823399558499,8.830022075055188e-05,0.000706401766004415,0.7
70,0.9898454746136865,0.009359823399558499,8.830022075055188e-05,0.000706401766004415,0.71
71,0.9898454746136865,0.009359823399558499,8.830022075055188e-05,0.000706401766004415,0.72
72,0.9898454746136865,0.009448123620309052,8.830022075055188e-05,0.0006181015452538631,0.73
73,0.9898454746136865,0.009624724061810155,8.830022075055188e-05,0.0004415011037527594,0.74
74,0.9898454746136865,0.009624724061810155,8.830022075055188e-05,0.0004415011037527594,0.75
75,0.9898454746136865,0.00980132450331126,8.830022075055188e-05,0.00026490066225165563,0.76
76,0.9899337748344371,0.00980132450331126,0.0,0.00026490066225165563,0.77
77,0.9899337748344371,0.00988962472406181,0.0,0.00017660044150110375,0.78
78,0.9899337748344371,0.009977924944812363,0.0,8.830022075055188e-05,0.79
79,0.9899337748344371,0.009977924944812363,0.0,8.830022075055188e-05,0.8
80,0.9899337748344371,0.009977924944812363,0.0,8.830022075055188e-05,0.81
81,0.9899337748344371,0.009977924944812363,0.0,8.830022075055188e-05,0.82
82,0.9899337748344371,0.009977924944812363,0.0,8.830022075055188e-05,0.83
83,0.9899337748344371,0.009977924944812363,0.0,8.830022075055188e-05,0.84
84,0.9899337748344371,0.009977924944812363,0.0,8.830022075055188e-05,0.85
85,0.9899337748344371,0.009977924944812363,0.0,8.830022075055188e-05,0.86
86,0.9899337748344371,0.009977924944812363,0.0,8.830022075055188e-05,0.87
87,0.9899337748344371,0.009977924944812363,0.0,8.830022075055188e-05,0.88
88,0.9899337748344371,0.009977924944812363,0.0,8.830022075055188e-05,0.89
89,0.9899337748344371,0.009977924944812363,0.0,8.830022075055188e-05,0.9
90,0.9899337748344371,0.009977924944812363,0.0,8.830022075055188e-05,0.91
91,0.9899337748344371,0.009977924944812363,0.0,8.830022075055188e-05,0.92
92,0.9899337748344371,0.009977924944812363,0.0,8.830022075055188e-05,0.93
93,0.9899337748344371,0.009977924944812363,0.0,8.830022075055188e-05,0.94
94,0.9899337748344371,0.009977924944812363,0.0,8.830022075055188e-05,0.95
95,0.9899337748344371,0.009977924944812363,0.0,8.830022075055188e-05,0.96
96,0.9899337748344371,0.009977924944812363,0.0,8.830022075055188e-05,0.97
97,0.9899337748344371,0.009977924944812363,0.0,8.830022075055188e-05,0.98
98,0.9899337748344371,0.009977924944812363,0.0,8.830022075055188e-05,0.99
99,0.9899337748344371,0.009977924944812363,0.0,8.830022075055188e-05,1.0
