,tn,fp,fn,tp,percentage
0,0.0007947019867549669,0.0,0.9891390728476821,0.010066225165562914,0.01
1,0.0017660044150110375,0.0,0.988167770419426,0.010066225165562914,0.02
2,0.002207505518763797,0.0,0.9877262693156733,0.010066225165562914,0.03
3,0.0032671081677704194,0.0,0.9866666666666667,0.010066225165562914,0.04
4,0.004503311258278146,0.0,0.9854304635761589,0.010066225165562914,0.05
5,0.006887417218543046,0.0,0.983046357615894,0.010066225165562914,0.06
6,0.008830022075055188,0.0,0.9811037527593819,0.010066225165562914,0.07
7,0.01130242825607064,0.0,0.9786313465783665,0.010066225165562914,0.08
8,0.01554083885209713,0.0,0.97439293598234,0.010066225165562914,0.09
9,0.021810154525386313,0.0,0.9681236203090507,0.010066225165562914,0.1
10,0.028344370860927153,0.0,0.9615894039735099,0.010066225165562914,0.11
11,0.03620309050772627,0.0,0.9537306843267108,0.010066225165562914,0.12
12,0.047417218543046355,0.0,0.9425165562913908,0.010066225165562914,0.13
13,0.0585430463576159,0.0,0.9313907284768211,0.010066225165562914,0.14
14,0.07311258278145695,0.0,0.9168211920529802,0.010066225165562914,0.15
15,0.08997792494481237,0.0,0.8999558498896247,0.010066225165562914,0.16
16,0.11205298013245032,0.0,0.8778807947019868,0.010066225165562914,0.17
17,0.13713024282560707,0.0,0.85280353200883,0.010066225165562914,0.18
18,0.16847682119205298,0.0,0.8214569536423841,0.010066225165562914,0.19
19,0.20520971302428256,0.0,0.7847240618101545,0.010066225165562914,0.2
20,0.24520971302428257,0.0,0.7447240618101545,0.010066225165562914,0.21
21,0.2869757174392936,0.0,0.7029580573951435,0.010066225165562914,0.22
22,0.3346578366445916,0.0,0.6552759381898454,0.010066225165562914,0.23
23,0.3823399558498896,0.0,0.6075938189845475,0.010066225165562914,0.24
24,0.4376158940397351,0.0,0.552317880794702,0.010066225165562914,0.25
25,0.5436644591611479,8.830022075055188e-05,0.4462693156732892,0.009977924944812363,0.26
26,0.5932008830022075,8.830022075055188e-05,0.3967328918322296,0.009977924944812363,0.27
27,0.6419426048565121,8.830022075055188e-05,0.34799116997792495,0.009977924944812363,0.28
28,0.6883885209713024,8.830022075055188e-05,0.30154525386313463,0.009977924944812363,0.29
29,0.7295364238410597,0.00026490066225165563,0.26039735099337746,0.00980132450331126,0.3
30,0.7663576158940397,0.00026490066225165563,0.22357615894039734,0.00980132450331126,0.31
31,0.7975275938189845,0.00026490066225165563,0.19240618101545254,0.00980132450331126,0.32
32,0.824635761589404,0.0005298013245033113,0.16529801324503313,0.009536423841059603,0.33
33,0.8495364238410597,0.0006181015452538631,0.1403973509933775,0.009448123620309052,0.34
34,0.8698454746136866,0.0008830022075055188,0.12008830022075055,0.009183222958057395,0.35
35,0.885916114790287,0.0009713024282560706,0.10401766004415011,0.009094922737306844,0.36
36,0.9027814569536424,0.0009713024282560706,0.08715231788079471,0.009094922737306844,0.37
37,0.9146136865342164,0.0011479028697571744,0.07532008830022074,0.00891832229580574,0.38
38,0.9271523178807947,0.0015894039735099338,0.06278145695364239,0.00847682119205298,0.39
39,0.9359823399558499,0.0016777041942604856,0.053951434878587196,0.008388520971302429,0.4
40,0.9441942604856512,0.0017660044150110375,0.04573951434878587,0.008300220750551876,0.41
41,0.9504635761589404,0.0018543046357615894,0.03947019867549669,0.008211920529801325,0.42
42,0.9554083885209713,0.0018543046357615894,0.034525386313465786,0.008211920529801325,0.43
43,0.9608830022075056,0.002119205298013245,0.029050772626931568,0.007947019867549669,0.44
44,0.9659161147902869,0.002295805739514349,0.02401766004415011,0.007770419426048565,0.45
45,0.9690066225165563,0.0026490066225165563,0.020927152317880796,0.007417218543046358,0.46
46,0.9717439293598233,0.003002207505518764,0.018189845474613688,0.00706401766004415,0.47
47,0.9742163355408389,0.0031788079470198675,0.015717439293598236,0.006887417218543046,0.48
48,0.9759823399558499,0.003443708609271523,0.013951434878587196,0.006622516556291391,0.49
49,0.977924944812362,0.003620309050772627,0.012008830022075055,0.006445916114790287,0.5
50,0.9802207505518764,0.004326710816777042,0.009713024282560706,0.005739514348785872,0.51
51,0.9814569536423841,0.004944812362030905,0.00847682119205298,0.005121412803532009,0.52
52,0.9826048565121412,0.005298013245033113,0.007328918322295806,0.004768211920529801,0.53
53,0.9833995584988963,0.005474613686534216,0.006534216335540839,0.004591611479028698,0.54
54,0.9844591611479029,0.005739514348785872,0.005474613686534216,0.004326710816777042,0.55
55,0.9850772626931568,0.006269315673289183,0.004856512141280353,0.0037969094922737307,0.56
56,0.9857836644591611,0.0067991169977924945,0.004150110375275938,0.0032671081677704194,0.57
57,0.986401766004415,0.007152317880794702,0.003532008830022075,0.002913907284768212,0.58
58,0.9866666666666667,0.007417218543046358,0.0032671081677704194,0.0026490066225165563,0.59
59,0.9872847682119206,0.007770419426048565,0.0026490066225165563,0.002295805739514349,0.6
60,0.9879028697571743,0.008035320088300222,0.002030905077262693,0.002030905077262693,0.61
61,0.9880794701986755,0.008123620309050773,0.0018543046357615894,0.0019426048565121413,0.62
62,0.9884326710816776,0.008211920529801325,0.001501103752759382,0.0018543046357615894,0.63
63,0.9886975717439294,0.008388520971302429,0.0012362030905077263,0.0016777041942604856,0.64
64,0.9889624724061811,0.008565121412803533,0.0009713024282560706,0.001501103752759382,0.65
65,0.9892273730684327,0.008830022075055188,0.000706401766004415,0.0012362030905077263,0.66
66,0.9894039735099338,0.009094922737306844,0.0005298013245033113,0.0009713024282560706,0.67
67,0.9894922737306844,0.009271523178807948,0.0004415011037527594,0.0007947019867549669,0.68
68,0.9896688741721854,0.009271523178807948,0.00026490066225165563,0.0007947019867549669,0.69
69,0.989757174392936,0.009271523178807948,0.00017660044150110375,0.0007947019867549669,0.7
70,0.9898454746136865,0.009359823399558499,8.830022075055188e-05,0.000706401766004415,0.71
71,0.9898454746136865,0.009448123620309052,8.830022075055188e-05,0.0006181015452538631,0.72
72,0.9898454746136865,0.009536423841059603,8.830022075055188e-05,0.0005298013245033113,0.73
73,0.9898454746136865,0.009536423841059603,8.830022075055188e-05,0.0005298013245033113,0.74
74,0.9898454746136865,0.009713024282560706,8.830022075055188e-05,0.0003532008830022075,0.75
75,0.9898454746136865,0.00980132450331126,8.830022075055188e-05,0.00026490066225165563,0.76
76,0.9899337748344371,0.00980132450331126,0.0,0.00026490066225165563,0.77
77,0.9899337748344371,0.00980132450331126,0.0,0.00026490066225165563,0.78
78,0.9899337748344371,0.00988962472406181,0.0,0.00017660044150110375,0.79
79,0.9899337748344371,0.009977924944812363,0.0,8.830022075055188e-05,0.8
80,0.9899337748344371,0.009977924944812363,0.0,8.830022075055188e-05,0.81
81,0.9899337748344371,0.009977924944812363,0.0,8.830022075055188e-05,0.82
82,0.9899337748344371,0.009977924944812363,0.0,8.830022075055188e-05,0.83
83,0.9899337748344371,0.009977924944812363,0.0,8.830022075055188e-05,0.84
84,0.9899337748344371,0.009977924944812363,0.0,8.830022075055188e-05,0.85
85,0.9899337748344371,0.009977924944812363,0.0,8.830022075055188e-05,0.86
86,0.9899337748344371,0.009977924944812363,0.0,8.830022075055188e-05,0.87
87,0.9899337748344371,0.009977924944812363,0.0,8.830022075055188e-05,0.88
88,0.9899337748344371,0.009977924944812363,0.0,8.830022075055188e-05,0.89
89,0.9899337748344371,0.009977924944812363,0.0,8.830022075055188e-05,0.9
90,0.9899337748344371,0.009977924944812363,0.0,8.830022075055188e-05,0.91
91,0.9899337748344371,0.009977924944812363,0.0,8.830022075055188e-05,0.92
92,0.9899337748344371,0.009977924944812363,0.0,8.830022075055188e-05,0.93
93,0.9899337748344371,0.009977924944812363,0.0,8.830022075055188e-05,0.94
94,0.9899337748344371,0.009977924944812363,0.0,8.830022075055188e-05,0.95
95,0.9899337748344371,0.009977924944812363,0.0,8.830022075055188e-05,0.96
96,0.9899337748344371,0.009977924944812363,0.0,8.830022075055188e-05,0.97
97,0.9899337748344371,0.009977924944812363,0.0,8.830022075055188e-05,0.98
98,0.9899337748344371,0.009977924944812363,0.0,8.830022075055188e-05,0.99
99,0.9899337748344371,0.009977924944812363,0.0,8.830022075055188e-05,1.0
