,tn,fp,fn,tp,percentage
0,8.830022075055188e-05,0.0,0.9898454746136865,0.010066225165562914,0.01
1,8.830022075055188e-05,0.0,0.9898454746136865,0.010066225165562914,0.02
2,8.830022075055188e-05,0.0,0.9898454746136865,0.010066225165562914,0.03
3,8.830022075055188e-05,0.0,0.9898454746136865,0.010066225165562914,0.04
4,8.830022075055188e-05,0.0,0.9898454746136865,0.010066225165562914,0.05
5,8.830022075055188e-05,0.0,0.9898454746136865,0.010066225165562914,0.06
6,0.0004415011037527594,0.0,0.9894922737306844,0.010066225165562914,0.07
7,0.000706401766004415,0.0,0.9892273730684327,0.010066225165562914,0.08
8,0.0008830022075055188,0.0,0.9890507726269315,0.010066225165562914,0.09
9,0.002030905077262693,0.0,0.9879028697571743,0.010066225165562914,0.1
10,0.0024724061810154525,0.0,0.9874613686534216,0.010066225165562914,0.11
11,0.004326710816777042,0.0,0.9856070640176601,0.010066225165562914,0.12
12,0.005916114790286976,0.0,0.9840176600441501,0.010066225165562914,0.13
13,0.008830022075055188,0.0,0.9811037527593819,0.010066225165562914,0.14
14,0.01033112582781457,0.0,0.9796026490066225,0.010066225165562914,0.15
15,0.012980132450331127,0.0,0.976953642384106,0.010066225165562914,0.16
16,0.019072847682119205,0.0,0.9708609271523179,0.010066225165562914,0.17
17,0.023752759381898456,0.0,0.9661810154525386,0.010066225165562914,0.18
18,0.032759381898454745,0.0,0.9571743929359824,0.010066225165562914,0.19
19,0.03849889624724062,0.0,0.9514348785871964,0.010066225165562914,0.2
20,0.05324503311258278,0.0,0.9366887417218543,0.010066225165562914,0.21
21,0.06163355408388521,0.0,0.9283002207505519,0.010066225165562914,0.22
22,0.07169977924944812,0.0,0.918233995584989,0.010066225165562914,0.23
23,0.09306843267108168,0.0,0.8968653421633555,0.010066225165562914,0.24
24,0.10525386313465784,0.0,0.8846799116997792,0.010066225165562914,0.25
25,0.13218543046357617,0.0,0.8577483443708609,0.010066225165562914,0.26
26,0.1487858719646799,0.0,0.8411479028697572,0.010066225165562914,0.27
27,0.18596026490066225,0.0,0.8039735099337748,0.010066225165562914,0.28
28,0.20618101545253864,0.0,0.7837527593818985,0.010066225165562914,0.29
29,0.22596026490066226,0.0,0.7639735099337749,0.010066225165562914,0.3
30,0.26905077262693156,0.0,0.7208830022075056,0.010066225165562914,0.31
31,0.2913907284768212,0.0,0.6985430463576159,0.010066225165562914,0.32
32,0.33766004415011036,0.0,0.6522737306843267,0.010066225165562914,0.33
33,0.3638852097130243,8.830022075055188e-05,0.6260485651214128,0.009977924944812363,0.34
34,0.41916114790286974,8.830022075055188e-05,0.5707726269315674,0.009977924944812363,0.35
35,0.4446799116997793,8.830022075055188e-05,0.5452538631346578,0.009977924944812363,0.36
36,0.4708167770419426,8.830022075055188e-05,0.5191169977924944,0.009977924944812363,0.37
37,0.5300662251655629,8.830022075055188e-05,0.45986754966887416,0.009977924944812363,0.38
38,0.5564679911699779,8.830022075055188e-05,0.43346578366445915,0.009977924944812363,0.39
39,0.6046799116997793,0.00017660044150110375,0.3852538631346578,0.00988962472406181,0.4
40,0.6306401766004415,0.00017660044150110375,0.3592935982339956,0.00988962472406181,0.41
41,0.677439293598234,0.00017660044150110375,0.3124944812362031,0.00988962472406181,0.42
42,0.702075055187638,0.00017660044150110375,0.2878587196467991,0.00988962472406181,0.43
43,0.7227373068432671,0.00026490066225165563,0.26719646799117,0.00980132450331126,0.44
44,0.7645033112582782,0.0003532008830022075,0.22543046357615895,0.009713024282560706,0.45
45,0.7803973509933775,0.0004415011037527594,0.2095364238410596,0.009624724061810155,0.46
46,0.8125386313465783,0.0005298013245033113,0.17739514348785873,0.009536423841059603,0.47
47,0.8274613686534217,0.0005298013245033113,0.16247240618101547,0.009536423841059603,0.48
48,0.8555408388520971,0.0008830022075055188,0.13439293598233995,0.009183222958057395,0.49
49,0.8683443708609272,0.0009713024282560706,0.12158940397350994,0.009094922737306844,0.5
50,0.8816777041942605,0.0010596026490066225,0.1082560706401766,0.009006622516556291,0.51
51,0.9009271523178808,0.0011479028697571744,0.08900662251655629,0.00891832229580574,0.52
52,0.9091390728476821,0.0011479028697571744,0.08079470198675497,0.00891832229580574,0.53
53,0.9229139072847682,0.0013245033112582781,0.06701986754966888,0.008741721854304637,0.54
54,0.9298013245033112,0.0013245033112582781,0.060132450331125825,0.008741721854304637,0.55
55,0.9418101545253863,0.001501103752759382,0.04812362030905077,0.008565121412803533,0.56
56,0.948962472406181,0.0016777041942604856,0.04097130242825607,0.008388520971302429,0.57
57,0.9519646799116998,0.0016777041942604856,0.037969094922737305,0.008388520971302429,0.58
58,0.9603532008830022,0.0019426048565121413,0.029580573951434878,0.008123620309050773,0.59
59,0.9634437086092715,0.002030905077262693,0.026490066225165563,0.008035320088300222,0.6
60,0.968476821192053,0.0024724061810154525,0.021456953642384105,0.007593818984547461,0.61
61,0.9705960264900663,0.0025607064017660044,0.01933774834437086,0.0075055187637969095,0.62
62,0.9750993377483443,0.0030905077262693157,0.014834437086092715,0.006975717439293598,0.63
63,0.9765121412803532,0.0031788079470198675,0.013421633554083885,0.006887417218543046,0.64
64,0.9784547461368653,0.003443708609271523,0.011479028697571744,0.006622516556291391,0.65
65,0.980485651214128,0.003708609271523179,0.009448123620309052,0.006357615894039735,0.66
66,0.9814569536423841,0.004061810154525386,0.00847682119205298,0.006004415011037528,0.67
67,0.9834878587196468,0.004503311258278146,0.006445916114790287,0.005562913907284768,0.68
68,0.9841059602649007,0.004591611479028698,0.005827814569536424,0.005474613686534216,0.69
69,0.9854304635761589,0.005298013245033113,0.004503311258278146,0.004768211920529801,0.7
70,0.9861368653421634,0.005474613686534216,0.0037969094922737307,0.004591611479028698,0.71
71,0.9864900662251656,0.005827814569536424,0.003443708609271523,0.00423841059602649,0.72
72,0.98719646799117,0.0060927152317880795,0.002737306843267108,0.003973509933774834,0.73
73,0.9874613686534216,0.006622516556291391,0.0024724061810154525,0.003443708609271523,0.74
74,0.9880794701986755,0.00706401766004415,0.0018543046357615894,0.003002207505518764,0.75
75,0.9884326710816776,0.007152317880794702,0.001501103752759382,0.002913907284768212,0.76
76,0.9889624724061811,0.007682119205298013,0.0009713024282560706,0.0023841059602649007,0.77
77,0.9892273730684327,0.007947019867549669,0.000706401766004415,0.002119205298013245,0.78
78,0.9892273730684327,0.008123620309050773,0.000706401766004415,0.0019426048565121413,0.79
79,0.9894039735099338,0.00847682119205298,0.0005298013245033113,0.0015894039735099338,0.8
80,0.9895805739514348,0.008565121412803533,0.0003532008830022075,0.001501103752759382,0.81
81,0.9895805739514348,0.009006622516556291,0.0003532008830022075,0.0010596026490066225,0.82
82,0.9896688741721854,0.009183222958057395,0.00026490066225165563,0.0008830022075055188,0.83
83,0.9896688741721854,0.009271523178807948,0.00026490066225165563,0.0007947019867549669,0.84
84,0.9896688741721854,0.009359823399558499,0.00026490066225165563,0.000706401766004415,0.85
85,0.989757174392936,0.009448123620309052,0.00017660044150110375,0.0006181015452538631,0.86
86,0.989757174392936,0.009624724061810155,0.00017660044150110375,0.0004415011037527594,0.87
87,0.9898454746136865,0.009624724061810155,8.830022075055188e-05,0.0004415011037527594,0.88
88,0.9898454746136865,0.00980132450331126,8.830022075055188e-05,0.00026490066225165563,0.89
89,0.9898454746136865,0.00980132450331126,8.830022075055188e-05,0.00026490066225165563,0.9
90,0.9898454746136865,0.009977924944812363,8.830022075055188e-05,8.830022075055188e-05,0.91
91,0.9899337748344371,0.009977924944812363,0.0,8.830022075055188e-05,0.92
92,0.9899337748344371,0.009977924944812363,0.0,8.830022075055188e-05,0.93
93,0.9899337748344371,0.009977924944812363,0.0,8.830022075055188e-05,0.94
94,0.9899337748344371,0.009977924944812363,0.0,8.830022075055188e-05,0.95
95,0.9899337748344371,0.009977924944812363,0.0,8.830022075055188e-05,0.96
96,0.9899337748344371,0.009977924944812363,0.0,8.830022075055188e-05,0.97
97,0.9899337748344371,0.009977924944812363,0.0,8.830022075055188e-05,0.98
98,0.9899337748344371,0.009977924944812363,0.0,8.830022075055188e-05,0.99
99,0.9899337748344371,0.010066225165562914,0.0,0.0,1.0
