,tn,fp,fn,tp,percentage
0,8.830022075055188e-05,0.0,0.9898454746136865,0.010066225165562914,0.01
1,8.830022075055188e-05,0.0,0.9898454746136865,0.010066225165562914,0.02
2,8.830022075055188e-05,0.0,0.9898454746136865,0.010066225165562914,0.03
3,0.00026490066225165563,0.0,0.9896688741721854,0.010066225165562914,0.04
4,0.0003532008830022075,0.0,0.9895805739514348,0.010066225165562914,0.05
5,0.0007947019867549669,0.0,0.9891390728476821,0.010066225165562914,0.06
6,0.0015894039735099338,0.0,0.9883443708609272,0.010066225165562914,0.07
7,0.00282560706401766,0.0,0.9871081677704194,0.010066225165562914,0.08
8,0.0032671081677704194,0.0,0.9866666666666667,0.010066225165562914,0.09
9,0.004856512141280353,0.0,0.9850772626931568,0.010066225165562914,0.1
10,0.007328918322295806,0.0,0.9826048565121412,0.010066225165562914,0.11
11,0.010772626931567329,0.0,0.9791611479028698,0.010066225165562914,0.12
12,0.013863134657836645,0.0,0.9760706401766004,0.010066225165562914,0.13
13,0.015894039735099338,0.0,0.9740397350993377,0.010066225165562914,0.14
14,0.019690949227373068,0.0,0.970242825607064,0.010066225165562914,0.15
15,0.02498896247240618,0.0,0.9649448123620309,0.010066225165562914,0.16
16,0.0306401766004415,0.0,0.9592935982339956,0.010066225165562914,0.17
17,0.03426048565121413,0.0,0.9556732891832229,0.010066225165562914,0.18
18,0.041147902869757176,0.0,0.9487858719646799,0.010066225165562914,0.19
19,0.05041942604856512,0.0,0.9395143487858719,0.010066225165562914,0.2
20,0.05942604856512141,0.0,0.9305077262693157,0.010066225165562914,0.21
21,0.0633112582781457,0.0,0.9266225165562914,0.010066225165562914,0.22
22,0.07443708609271524,0.0,0.9154966887417219,0.010066225165562914,0.23
23,0.08785871964679912,0.0,0.902075055187638,0.010066225165562914,0.24
24,0.10172185430463576,0.0,0.8882119205298014,0.010066225165562914,0.25
25,0.1152317880794702,0.0,0.8747019867549669,0.010066225165562914,0.26
26,0.12185430463576159,0.0,0.8680794701986755,0.010066225165562914,0.27
27,0.13774834437086092,0.0,0.8521854304635762,0.010066225165562914,0.28
28,0.15222958057395145,0.0,0.8377041942604857,0.010066225165562914,0.29
29,0.16830022075055187,0.0,0.8216335540838852,0.010066225165562914,0.3
30,0.17660044150110377,8.830022075055188e-05,0.8133333333333334,0.009977924944812363,0.31
31,0.197439293598234,8.830022075055188e-05,0.7924944812362031,0.009977924944812363,0.32
32,0.21527593818984547,8.830022075055188e-05,0.7746578366445916,0.009977924944812363,0.33
33,0.2370860927152318,8.830022075055188e-05,0.7528476821192053,0.009977924944812363,0.34
34,0.24812362030905077,0.00017660044150110375,0.7418101545253863,0.00988962472406181,0.35
35,0.2708167770419426,0.00017660044150110375,0.7191169977924945,0.00988962472406181,0.36
36,0.2951876379690949,0.00017660044150110375,0.6947461368653421,0.00988962472406181,0.37
37,0.32079470198675497,0.00017660044150110375,0.6691390728476821,0.00988962472406181,0.38
38,0.343046357615894,0.00026490066225165563,0.646887417218543,0.00980132450331126,0.39
39,0.35426048565121415,0.00026490066225165563,0.635673289183223,0.00980132450331126,0.4
40,0.3796026490066225,0.00026490066225165563,0.6103311258278146,0.00980132450331126,0.41
41,0.4058278145695364,0.00026490066225165563,0.5841059602649007,0.00980132450331126,0.42
42,0.43169977924944813,0.0003532008830022075,0.558233995584989,0.009713024282560706,0.43
43,0.44370860927152317,0.0003532008830022075,0.5462251655629139,0.009713024282560706,0.44
44,0.4693156732891832,0.0004415011037527594,0.5206181015452539,0.009624724061810155,0.45
45,0.4941280353200883,0.0004415011037527594,0.4958057395143488,0.009624724061810155,0.46
46,0.5184105960264901,0.0006181015452538631,0.47152317880794703,0.009448123620309052,0.47
47,0.5309492273730684,0.0006181015452538631,0.45898454746136863,0.009448123620309052,0.48
48,0.5588520971302429,0.0006181015452538631,0.43108167770419425,0.009448123620309052,0.49
49,0.5833112582781457,0.0006181015452538631,0.4066225165562914,0.009448123620309052,0.5
50,0.610242825607064,0.000706401766004415,0.37969094922737306,0.009359823399558499,0.51
51,0.6375275938189845,0.0008830022075055188,0.3524061810154525,0.009183222958057395,0.52
52,0.6481236203090508,0.0008830022075055188,0.3418101545253863,0.009183222958057395,0.53
53,0.6741721854304635,0.0009713024282560706,0.31576158940397353,0.009094922737306844,0.54
54,0.6973068432671081,0.0011479028697571744,0.29262693156732894,0.00891832229580574,0.55
55,0.7189403973509934,0.0012362030905077263,0.2709933774834437,0.008830022075055188,0.56
56,0.730066225165563,0.0012362030905077263,0.25986754966887415,0.008830022075055188,0.57
57,0.7519646799116998,0.00141280353200883,0.2379690949227373,0.008653421633554084,0.58
58,0.7713024282560706,0.00141280353200883,0.21863134657836644,0.008653421633554084,0.59
59,0.7902869757174393,0.0015894039735099338,0.1996467991169978,0.00847682119205298,0.6
60,0.7980573951434878,0.0015894039735099338,0.19187637969094923,0.00847682119205298,0.61
61,0.8148344370860927,0.0017660044150110375,0.17509933774834438,0.008300220750551876,0.62
62,0.8309050772626931,0.0018543046357615894,0.15902869757174393,0.008211920529801325,0.63
63,0.846710816777042,0.002119205298013245,0.14322295805739516,0.007947019867549669,0.64
64,0.8605739514348786,0.002119205298013245,0.1293598233995585,0.007947019867549669,0.65
65,0.8672847682119206,0.002207505518763797,0.12264900662251656,0.007858719646799118,0.66
66,0.8817660044150111,0.0023841059602649007,0.10816777041942605,0.007682119205298013,0.67
67,0.8926269315673289,0.0024724061810154525,0.09730684326710817,0.007593818984547461,0.68
68,0.9031346578366446,0.002737306843267108,0.0867991169977925,0.007328918322295806,0.69
69,0.9086092715231788,0.002737306843267108,0.08132450331125828,0.007328918322295806,0.7
70,0.9169977924944812,0.003002207505518764,0.07293598233995585,0.00706401766004415,0.71
71,0.9261810154525386,0.0032671081677704194,0.06375275938189845,0.0067991169977924945,0.72
72,0.9355408388520972,0.0037969094922737307,0.054392935982339956,0.006269315673289183,0.73
73,0.9397792494481236,0.0037969094922737307,0.050154525386313466,0.006269315673289183,0.74
74,0.9478145695364238,0.003973509933774834,0.042119205298013246,0.0060927152317880795,0.75
75,0.9541721854304636,0.004150110375275938,0.03576158940397351,0.005916114790286976,0.76
76,0.9615011037527594,0.004326710816777042,0.028432671081677706,0.005739514348785872,0.77
77,0.9670640176600441,0.004415011037527594,0.022869757174392935,0.00565121412803532,0.78
78,0.9689183222958058,0.004591611479028698,0.02101545253863135,0.005474613686534216,0.79
79,0.9729801324503311,0.004944812362030905,0.01695364238410596,0.005121412803532009,0.8
80,0.9756291390728477,0.0053863134657836645,0.014304635761589404,0.0046799116997792494,0.81
81,0.9790728476821192,0.006181015452538631,0.010860927152317882,0.0038852097130242826,0.82
82,0.9802207505518764,0.006357615894039735,0.009713024282560706,0.003708609271523179,0.83
83,0.9827814569536424,0.006975717439293598,0.007152317880794702,0.0030905077262693157,0.84
84,0.9842825607064017,0.007417218543046358,0.00565121412803532,0.0026490066225165563,0.85
85,0.9854304635761589,0.007858719646799118,0.004503311258278146,0.002207505518763797,0.86
86,0.9860485651214128,0.008035320088300222,0.0038852097130242826,0.002030905077262693,0.87
87,0.9874613686534216,0.008388520971302429,0.0024724061810154525,0.0016777041942604856,0.88
88,0.988167770419426,0.008565121412803533,0.0017660044150110375,0.001501103752759382,0.89
89,0.9886975717439294,0.008830022075055188,0.0012362030905077263,0.0012362030905077263,0.9
90,0.9889624724061811,0.009094922737306844,0.0009713024282560706,0.0009713024282560706,0.91
91,0.9891390728476821,0.009448123620309052,0.0007947019867549669,0.0006181015452538631,0.92
92,0.9894922737306844,0.009536423841059603,0.0004415011037527594,0.0005298013245033113,0.93
93,0.9896688741721854,0.00980132450331126,0.00026490066225165563,0.00026490066225165563,0.94
94,0.9899337748344371,0.009977924944812363,0.0,8.830022075055188e-05,0.95
95,0.9899337748344371,0.009977924944812363,0.0,8.830022075055188e-05,0.96
96,0.9899337748344371,0.009977924944812363,0.0,8.830022075055188e-05,0.97
97,0.9899337748344371,0.009977924944812363,0.0,8.830022075055188e-05,0.98
98,0.9899337748344371,0.009977924944812363,0.0,8.830022075055188e-05,0.99
99,0.9899337748344371,0.009977924944812363,0.0,8.830022075055188e-05,1.0
