,tn,fp,fn,tp,percentage
0,0.0004415011037527594,0.0,0.9894922737306844,0.010066225165562914,0.01
1,0.0009713024282560706,0.0,0.9889624724061811,0.010066225165562914,0.02
2,0.002119205298013245,0.0,0.9878145695364239,0.010066225165562914,0.03
3,0.002913907284768212,0.0,0.9870198675496689,0.010066225165562914,0.04
4,0.004326710816777042,0.0,0.9856070640176601,0.010066225165562914,0.05
5,0.006357615894039735,0.0,0.9835761589403974,0.010066225165562914,0.06
6,0.00847682119205298,0.0,0.9814569536423841,0.010066225165562914,0.07
7,0.01121412803532009,0.0,0.978719646799117,0.010066225165562914,0.08
8,0.015717439293598236,0.0,0.9742163355408389,0.010066225165562914,0.09
9,0.02207505518763797,0.0,0.9678587196467991,0.010066225165562914,0.1
10,0.028520971302428255,0.0,0.9614128035320089,0.010066225165562914,0.11
11,0.03770419426048565,0.0,0.9522295805739515,0.010066225165562914,0.12
12,0.04900662251655629,0.0,0.9409271523178808,0.010066225165562914,0.13
13,0.06163355408388521,0.0,0.9283002207505519,0.010066225165562914,0.14
14,0.07779249448123621,0.0,0.9121412803532009,0.010066225165562914,0.15
15,0.09836644591611479,0.0,0.8915673289183222,0.010066225165562914,0.16
16,0.12264900662251656,0.0,0.8672847682119206,0.010066225165562914,0.17
17,0.15161147902869757,0.0,0.8383222958057395,0.010066225165562914,0.18
18,0.18763796909492272,0.0,0.8022958057395143,0.010066225165562914,0.19
19,0.228962472406181,0.0,0.7609713024282561,0.010066225165562914,0.2
20,0.27311258278145695,0.0,0.7168211920529801,0.010066225165562914,0.21
21,0.32282560706401764,0.0,0.6671081677704195,0.010066225165562914,0.22
22,0.37403973509933774,0.0,0.6158940397350994,0.010066225165562914,0.23
23,0.43002207505518764,0.0,0.5599116997792495,0.010066225165562914,0.24
24,0.4922737306843267,8.830022075055188e-05,0.4976600441501104,0.009977924944812363,0.25
25,0.5458719646799117,8.830022075055188e-05,0.4440618101545254,0.009977924944812363,0.26
26,0.5995584988962472,8.830022075055188e-05,0.3903752759381898,0.009977924944812363,0.27
27,0.6520971302428256,8.830022075055188e-05,0.3378366445916115,0.009977924944812363,0.28
28,0.6986313465783665,0.00017660044150110375,0.29130242825607067,0.00988962472406181,0.29
29,0.7397792494481236,0.00026490066225165563,0.25015452538631344,0.00980132450331126,0.3
30,0.7767770419426049,0.00026490066225165563,0.21315673289183223,0.00980132450331126,0.31
31,0.8103311258278145,0.0003532008830022075,0.1796026490066225,0.009713024282560706,0.32
32,0.8373509933774834,0.0005298013245033113,0.15258278145695364,0.009536423841059603,0.33
33,0.8608388520971303,0.0007947019867549669,0.12909492273730686,0.009271523178807948,0.34
34,0.8798233995584989,0.0009713024282560706,0.11011037527593819,0.009094922737306844,0.35
35,0.897130242825607,0.0009713024282560706,0.09280353200883003,0.009094922737306844,0.36
36,0.911346578366446,0.0013245033112582781,0.07858719646799117,0.008741721854304637,0.37
37,0.9245033112582781,0.00141280353200883,0.06543046357615893,0.008653421633554084,0.38
38,0.9347461368653421,0.0015894039735099338,0.05518763796909492,0.00847682119205298,0.39
39,0.9429580573951435,0.0017660044150110375,0.0469757174392936,0.008300220750551876,0.4
40,0.9500220750551877,0.0018543046357615894,0.03991169977924945,0.008211920529801325,0.41
41,0.9546136865342163,0.0018543046357615894,0.03532008830022075,0.008211920529801325,0.42
42,0.9600883002207505,0.002119205298013245,0.029845474613686536,0.007947019867549669,0.43
43,0.9648565121412803,0.0024724061810154525,0.025077262693156733,0.007593818984547461,0.44
44,0.9686534216335541,0.002737306843267108,0.021280353200883003,0.007328918322295806,0.45
45,0.97121412803532,0.003002207505518764,0.018719646799116998,0.00706401766004415,0.46
46,0.9738631346578367,0.0032671081677704194,0.016070640176600443,0.0067991169977924945,0.47
47,0.9768653421633554,0.003532008830022075,0.013068432671081678,0.006534216335540839,0.48
48,0.9784547461368653,0.003973509933774834,0.011479028697571744,0.0060927152317880795,0.49
49,0.9789845474613686,0.004150110375275938,0.010949227373068433,0.005916114790286976,0.5
50,0.9811920529801325,0.005033112582781457,0.008741721854304637,0.005033112582781457,0.51
51,0.9820750551876379,0.0053863134657836645,0.007858719646799118,0.0046799116997792494,0.52
52,0.9835761589403974,0.005739514348785872,0.006357615894039735,0.004326710816777042,0.53
53,0.984635761589404,0.006269315673289183,0.005298013245033113,0.0037969094922737307,0.54
54,0.9856953642384106,0.006710816777041943,0.00423841059602649,0.0033554083885209713,0.55
55,0.9860485651214128,0.00706401766004415,0.0038852097130242826,0.003002207505518764,0.56
56,0.986225165562914,0.007328918322295806,0.003708609271523179,0.002737306843267108,0.57
57,0.9868432671081677,0.007682119205298013,0.0030905077262693157,0.0023841059602649007,0.58
58,0.987373068432671,0.008035320088300222,0.0025607064017660044,0.002030905077262693,0.59
59,0.9876379690949227,0.008123620309050773,0.002295805739514349,0.0019426048565121413,0.6
60,0.9880794701986755,0.008211920529801325,0.0018543046357615894,0.0018543046357615894,0.61
61,0.9883443708609272,0.008300220750551876,0.0015894039735099338,0.0017660044150110375,0.62
62,0.9886092715231788,0.008565121412803533,0.0013245033112582781,0.001501103752759382,0.63
63,0.9891390728476821,0.008741721854304637,0.0007947019867549669,0.0013245033112582781,0.64
64,0.9892273730684327,0.009094922737306844,0.000706401766004415,0.0009713024282560706,0.65
65,0.9894922737306844,0.009359823399558499,0.0004415011037527594,0.000706401766004415,0.66
66,0.9894922737306844,0.009359823399558499,0.0004415011037527594,0.000706401766004415,0.67
67,0.9896688741721854,0.009359823399558499,0.00026490066225165563,0.000706401766004415,0.68
68,0.9898454746136865,0.009448123620309052,8.830022075055188e-05,0.0006181015452538631,0.69
69,0.9898454746136865,0.009448123620309052,8.830022075055188e-05,0.0006181015452538631,0.7
70,0.9898454746136865,0.009536423841059603,8.830022075055188e-05,0.0005298013245033113,0.71
71,0.9898454746136865,0.009624724061810155,8.830022075055188e-05,0.0004415011037527594,0.72
72,0.9898454746136865,0.009713024282560706,8.830022075055188e-05,0.0003532008830022075,0.73
73,0.9898454746136865,0.009713024282560706,8.830022075055188e-05,0.0003532008830022075,0.74
74,0.9898454746136865,0.00980132450331126,8.830022075055188e-05,0.00026490066225165563,0.75
75,0.9899337748344371,0.00980132450331126,0.0,0.00026490066225165563,0.76
76,0.9899337748344371,0.00980132450331126,0.0,0.00026490066225165563,0.77
77,0.9899337748344371,0.00980132450331126,0.0,0.00026490066225165563,0.78
78,0.9899337748344371,0.00980132450331126,0.0,0.00026490066225165563,0.79
79,0.9899337748344371,0.009977924944812363,0.0,8.830022075055188e-05,0.8
80,0.9899337748344371,0.009977924944812363,0.0,8.830022075055188e-05,0.81
81,0.9899337748344371,0.009977924944812363,0.0,8.830022075055188e-05,0.82
82,0.9899337748344371,0.009977924944812363,0.0,8.830022075055188e-05,0.83
83,0.9899337748344371,0.009977924944812363,0.0,8.830022075055188e-05,0.84
84,0.9899337748344371,0.009977924944812363,0.0,8.830022075055188e-05,0.85
85,0.9899337748344371,0.009977924944812363,0.0,8.830022075055188e-05,0.86
86,0.9899337748344371,0.009977924944812363,0.0,8.830022075055188e-05,0.87
87,0.9899337748344371,0.009977924944812363,0.0,8.830022075055188e-05,0.88
88,0.9899337748344371,0.009977924944812363,0.0,8.830022075055188e-05,0.89
89,0.9899337748344371,0.009977924944812363,0.0,8.830022075055188e-05,0.9
90,0.9899337748344371,0.009977924944812363,0.0,8.830022075055188e-05,0.91
91,0.9899337748344371,0.009977924944812363,0.0,8.830022075055188e-05,0.92
92,0.9899337748344371,0.009977924944812363,0.0,8.830022075055188e-05,0.93
93,0.9899337748344371,0.009977924944812363,0.0,8.830022075055188e-05,0.94
94,0.9899337748344371,0.009977924944812363,0.0,8.830022075055188e-05,0.95
95,0.9899337748344371,0.009977924944812363,0.0,8.830022075055188e-05,0.96
96,0.9899337748344371,0.009977924944812363,0.0,8.830022075055188e-05,0.97
97,0.9899337748344371,0.009977924944812363,0.0,8.830022075055188e-05,0.98
98,0.9899337748344371,0.009977924944812363,0.0,8.830022075055188e-05,0.99
99,0.9899337748344371,0.009977924944812363,0.0,8.830022075055188e-05,1.0
