,tn,fp,fn,tp,percentage
0,8.830022075055188e-05,0.0,0.9898454746136865,0.010066225165562914,0.01
1,0.0003532008830022075,0.0,0.9895805739514348,0.010066225165562914,0.02
2,0.0007947019867549669,0.0,0.9891390728476821,0.010066225165562914,0.03
3,0.0018543046357615894,0.0,0.9880794701986755,0.010066225165562914,0.04
4,0.002913907284768212,0.0,0.9870198675496689,0.010066225165562914,0.05
5,0.0046799116997792494,0.0,0.9852538631346578,0.010066225165562914,0.06
6,0.006181015452538631,0.0,0.9837527593818984,0.010066225165562914,0.07
7,0.00847682119205298,0.0,0.9814569536423841,0.010066225165562914,0.08
8,0.011567328918322297,0.0,0.9783664459161148,0.010066225165562914,0.09
9,0.016070640176600443,0.0,0.9738631346578367,0.010066225165562914,0.1
10,0.022781456953642386,0.0,0.9671523178807947,0.010066225165562914,0.11
11,0.030022075055187638,0.0,0.9599116997792494,0.010066225165562914,0.12
12,0.04088300220750552,0.0,0.9490507726269316,0.010066225165562914,0.13
13,0.06596026490066226,0.0,0.9239735099337748,0.010066225165562914,0.14
14,0.08582781456953642,0.0,0.9041059602649006,0.010066225165562914,0.15
15,0.11011037527593819,0.0,0.8798233995584989,0.010066225165562914,0.16
16,0.13792494481236203,0.0,0.8520088300220751,0.010066225165562914,0.17
17,0.17324503311258277,0.0,0.8166887417218543,0.010066225165562914,0.18
18,0.21403973509933774,0.0,0.7758940397350993,0.010066225165562914,0.19
19,0.2611920529801324,0.0,0.7287417218543046,0.010066225165562914,0.2
20,0.31161147902869757,0.0,0.6783222958057396,0.010066225165562914,0.21
21,0.3683885209713024,0.0,0.6215452538631346,0.010066225165562914,0.22
22,0.42525386313465785,0.0,0.5646799116997793,0.010066225165562914,0.23
23,0.49165562913907285,8.830022075055188e-05,0.4982781456953642,0.009977924944812363,0.24
24,0.49165562913907285,8.830022075055188e-05,0.4982781456953642,0.009977924944812363,0.25
25,0.5491390728476822,8.830022075055188e-05,0.44079470198675497,0.009977924944812363,0.26
26,0.6052097130242826,8.830022075055188e-05,0.3847240618101545,0.009977924944812363,0.27
27,0.6582781456953642,8.830022075055188e-05,0.33165562913907287,0.009977924944812363,0.28
28,0.707991169977925,8.830022075055188e-05,0.2819426048565121,0.009977924944812363,0.29
29,0.7509933774834437,0.00026490066225165563,0.23894039735099337,0.00980132450331126,0.3
30,0.7901103752759382,0.00026490066225165563,0.1998233995584989,0.00980132450331126,0.31
31,0.8216335540838852,0.0004415011037527594,0.16830022075055187,0.009624724061810155,0.32
32,0.8719646799116998,0.0006181015452538631,0.11796909492273731,0.009448123620309052,0.33
33,0.8897130242825607,0.0009713024282560706,0.10022075055187638,0.009094922737306844,0.34
34,0.9057836644591611,0.0011479028697571744,0.08415011037527594,0.00891832229580574,0.35
35,0.9197350993377483,0.0013245033112582781,0.07019867549668875,0.008741721854304637,0.36
36,0.9197350993377483,0.0013245033112582781,0.07019867549668875,0.008741721854304637,0.37
37,0.9321854304635762,0.0015894039735099338,0.057748344370860925,0.00847682119205298,0.38
38,0.9403973509933775,0.0017660044150110375,0.0495364238410596,0.008300220750551876,0.39
39,0.9480794701986754,0.0018543046357615894,0.04185430463576159,0.008211920529801325,0.4
40,0.9544370860927153,0.0019426048565121413,0.035496688741721856,0.008123620309050773,0.41
41,0.9595584988962472,0.002119205298013245,0.030375275938189845,0.007947019867549669,0.42
42,0.964150110375276,0.002295805739514349,0.025783664459161148,0.007770419426048565,0.43
43,0.9679470198675497,0.002737306843267108,0.021986754966887418,0.007328918322295806,0.44
44,0.97439293598234,0.0032671081677704194,0.01554083885209713,0.0067991169977924945,0.45
45,0.9766887417218543,0.003532008830022075,0.013245033112582781,0.006534216335540839,0.46
46,0.9781015452538632,0.003973509933774834,0.011832229580573951,0.0060927152317880795,0.47
47,0.9796026490066225,0.00423841059602649,0.01033112582781457,0.005827814569536424,0.48
48,0.9796026490066225,0.00423841059602649,0.01033112582781457,0.005827814569536424,0.49
49,0.980309050772627,0.0046799116997792494,0.009624724061810155,0.0053863134657836645,0.5
50,0.981280353200883,0.005121412803532009,0.008653421633554084,0.004944812362030905,0.51
51,0.9826931567328918,0.005562913907284768,0.007240618101545254,0.004503311258278146,0.52
52,0.9840176600441501,0.005916114790286976,0.005916114790286976,0.004150110375275938,0.53
53,0.9850772626931568,0.006445916114790287,0.004856512141280353,0.003620309050772627,0.54
54,0.9858719646799117,0.006622516556291391,0.004061810154525386,0.003443708609271523,0.55
55,0.9861368653421634,0.00706401766004415,0.0037969094922737307,0.003002207505518764,0.56
56,0.9864900662251656,0.007328918322295806,0.003443708609271523,0.002737306843267108,0.57
57,0.987373068432671,0.007947019867549669,0.0025607064017660044,0.002119205298013245,0.58
58,0.987373068432671,0.007947019867549669,0.0025607064017660044,0.002119205298013245,0.59
59,0.9876379690949227,0.008300220750551876,0.002295805739514349,0.0017660044150110375,0.6
60,0.9880794701986755,0.008300220750551876,0.0018543046357615894,0.0017660044150110375,0.61
61,0.9883443708609272,0.008388520971302429,0.0015894039735099338,0.0016777041942604856,0.62
62,0.9886975717439294,0.008565121412803533,0.0012362030905077263,0.001501103752759382,0.63
63,0.9889624724061811,0.008830022075055188,0.0009713024282560706,0.0012362030905077263,0.64
64,0.9894039735099338,0.009006622516556291,0.0005298013245033113,0.0010596026490066225,0.65
65,0.9894922737306844,0.009271523178807948,0.0004415011037527594,0.0007947019867549669,0.66
66,0.9895805739514348,0.009359823399558499,0.0003532008830022075,0.000706401766004415,0.67
67,0.9896688741721854,0.009448123620309052,0.00026490066225165563,0.0006181015452538631,0.68
68,0.9898454746136865,0.009536423841059603,8.830022075055188e-05,0.0005298013245033113,0.69
69,0.9898454746136865,0.009624724061810155,8.830022075055188e-05,0.0004415011037527594,0.7
70,0.9898454746136865,0.009713024282560706,8.830022075055188e-05,0.0003532008830022075,0.71
71,0.9898454746136865,0.009713024282560706,8.830022075055188e-05,0.0003532008830022075,0.72
72,0.9898454746136865,0.00980132450331126,8.830022075055188e-05,0.00026490066225165563,0.73
73,0.9898454746136865,0.00980132450331126,8.830022075055188e-05,0.00026490066225165563,0.74
74,0.9899337748344371,0.00980132450331126,0.0,0.00026490066225165563,0.75
75,0.9899337748344371,0.00980132450331126,0.0,0.00026490066225165563,0.76
76,0.9899337748344371,0.00980132450331126,0.0,0.00026490066225165563,0.77
77,0.9899337748344371,0.00980132450331126,0.0,0.00026490066225165563,0.78
78,0.9899337748344371,0.009977924944812363,0.0,8.830022075055188e-05,0.79
79,0.9899337748344371,0.009977924944812363,0.0,8.830022075055188e-05,0.8
80,0.9899337748344371,0.009977924944812363,0.0,8.830022075055188e-05,0.81
81,0.9899337748344371,0.009977924944812363,0.0,8.830022075055188e-05,0.82
82,0.9899337748344371,0.009977924944812363,0.0,8.830022075055188e-05,0.83
83,0.9899337748344371,0.009977924944812363,0.0,8.830022075055188e-05,0.84
84,0.9899337748344371,0.009977924944812363,0.0,8.830022075055188e-05,0.85
85,0.9899337748344371,0.009977924944812363,0.0,8.830022075055188e-05,0.86
86,0.9899337748344371,0.009977924944812363,0.0,8.830022075055188e-05,0.87
87,0.9899337748344371,0.009977924944812363,0.0,8.830022075055188e-05,0.88
88,0.9899337748344371,0.009977924944812363,0.0,8.830022075055188e-05,0.89
89,0.9899337748344371,0.009977924944812363,0.0,8.830022075055188e-05,0.9
90,0.9899337748344371,0.009977924944812363,0.0,8.830022075055188e-05,0.91
91,0.9899337748344371,0.009977924944812363,0.0,8.830022075055188e-05,0.92
92,0.9899337748344371,0.009977924944812363,0.0,8.830022075055188e-05,0.93
93,0.9899337748344371,0.009977924944812363,0.0,8.830022075055188e-05,0.94
94,0.9899337748344371,0.009977924944812363,0.0,8.830022075055188e-05,0.95
95,0.9899337748344371,0.009977924944812363,0.0,8.830022075055188e-05,0.96
96,0.9899337748344371,0.009977924944812363,0.0,8.830022075055188e-05,0.97
97,0.9899337748344371,0.009977924944812363,0.0,8.830022075055188e-05,0.98
98,0.9899337748344371,0.009977924944812363,0.0,8.830022075055188e-05,0.99
99,0.9899337748344371,0.009977924944812363,0.0,8.830022075055188e-05,1.0
