,tn,fp,fn,tp,percentage
0,8.830022075055188e-05,0.0,0.9898454746136865,0.010066225165562914,0.01
1,0.00017660044150110375,0.0,0.989757174392936,0.010066225165562914,0.02
2,0.0006181015452538631,0.0,0.9893156732891832,0.010066225165562914,0.03
3,0.0015894039735099338,0.0,0.9883443708609272,0.010066225165562914,0.04
4,0.003002207505518764,0.0,0.9869315673289183,0.010066225165562914,0.05
5,0.004503311258278146,0.0,0.9854304635761589,0.010066225165562914,0.06
6,0.006181015452538631,0.0,0.9837527593818984,0.010066225165562914,0.07
7,0.008653421633554084,0.0,0.981280353200883,0.010066225165562914,0.08
8,0.011655629139072848,0.0,0.9782781456953642,0.010066225165562914,0.09
9,0.01695364238410596,0.0,0.9729801324503311,0.010066225165562914,0.1
10,0.02384105960264901,0.0,0.9660927152317881,0.010066225165562914,0.11
11,0.033642384105960266,0.0,0.9562913907284768,0.010066225165562914,0.12
12,0.044591611479028695,0.0,0.9453421633554084,0.010066225165562914,0.13
13,0.05836644591611479,0.0,0.9315673289183223,0.010066225165562914,0.14
14,0.0754083885209713,0.0,0.9145253863134658,0.010066225165562914,0.15
15,0.0988962472406181,0.0,0.8910375275938189,0.010066225165562914,0.16
16,0.125121412803532,0.0,0.8648123620309051,0.010066225165562914,0.17
17,0.15911699779249447,0.0,0.8308167770419426,0.010066225165562914,0.18
18,0.19911699779249448,0.0,0.7908167770419426,0.010066225165562914,0.19
19,0.24741721854304635,0.0,0.7425165562913907,0.010066225165562914,0.2
20,0.29951434878587196,0.0,0.6904194260485651,0.010066225165562914,0.21
21,0.35955849889624725,0.0,0.6303752759381899,0.010066225165562914,0.22
22,0.42004415011037527,0.0,0.5698896247240618,0.010066225165562914,0.23
23,0.4897130242825607,8.830022075055188e-05,0.5002207505518764,0.009977924944812363,0.24
24,0.5531125827814569,8.830022075055188e-05,0.43682119205298015,0.009977924944812363,0.25
25,0.6105077262693157,8.830022075055188e-05,0.3794260485651214,0.009977924944812363,0.26
26,0.6644591611479028,8.830022075055188e-05,0.32547461368653424,0.009977924944812363,0.27
27,0.716644591611479,0.00026490066225165563,0.27328918322295803,0.00980132450331126,0.28
28,0.7624724061810154,0.00026490066225165563,0.22746136865342165,0.00980132450331126,0.29
29,0.8002649006622516,0.00026490066225165563,0.18966887417218542,0.00980132450331126,0.3
30,0.8310816777041943,0.0004415011037527594,0.15885209713024281,0.009624724061810155,0.31
31,0.8567770419426048,0.0006181015452538631,0.13315673289183222,0.009448123620309052,0.32
32,0.8794701986754967,0.0007947019867549669,0.1104635761589404,0.009271523178807948,0.33
33,0.8988079470198675,0.0011479028697571744,0.09112582781456954,0.00891832229580574,0.34
34,0.9133774834437086,0.0012362030905077263,0.07655629139072848,0.008830022075055188,0.35
35,0.9279470198675497,0.0015894039735099338,0.061986754966887415,0.00847682119205298,0.36
36,0.9371302428256071,0.0015894039735099338,0.05280353200883002,0.00847682119205298,0.37
37,0.9456953642384106,0.0018543046357615894,0.04423841059602649,0.008211920529801325,0.38
38,0.9520529801324503,0.0018543046357615894,0.037880794701986756,0.008211920529801325,0.39
39,0.9583222958057395,0.002030905077262693,0.03161147902869757,0.008035320088300222,0.4
40,0.9630022075055188,0.0023841059602649007,0.026931567328918323,0.007682119205298013,0.41
41,0.9668874172185431,0.002737306843267108,0.02304635761589404,0.007328918322295806,0.42
42,0.9709492273730684,0.003002207505518764,0.018984547461368653,0.00706401766004415,0.43
43,0.9739514348785872,0.0030905077262693157,0.01598233995584989,0.006975717439293598,0.44
44,0.9762472406181015,0.003708609271523179,0.013686534216335542,0.006357615894039735,0.45
45,0.9775717439293599,0.004061810154525386,0.012362030905077263,0.006004415011037528,0.46
46,0.9794260485651214,0.004150110375275938,0.010507726269315674,0.005916114790286976,0.47
47,0.9803973509933774,0.0046799116997792494,0.009536423841059603,0.0053863134657836645,0.48
48,0.9811920529801325,0.005121412803532009,0.008741721854304637,0.004944812362030905,0.49
49,0.9811920529801325,0.005121412803532009,0.008741721854304637,0.004944812362030905,0.5
50,0.9827814569536424,0.005739514348785872,0.007152317880794702,0.004326710816777042,0.51
51,0.9839293598233996,0.006004415011037528,0.006004415011037528,0.004061810154525386,0.52
52,0.9849006622516556,0.006357615894039735,0.005033112582781457,0.003708609271523179,0.53
53,0.9856070640176601,0.006622516556291391,0.004326710816777042,0.003443708609271523,0.54
54,0.9861368653421634,0.006887417218543046,0.0037969094922737307,0.0031788079470198675,0.55
55,0.9865783664459161,0.007328918322295806,0.0033554083885209713,0.002737306843267108,0.56
56,0.9870198675496689,0.0075055187637969095,0.002913907284768212,0.0025607064017660044,0.57
57,0.987373068432671,0.008035320088300222,0.0025607064017660044,0.002030905077262693,0.58
58,0.9876379690949227,0.008388520971302429,0.002295805739514349,0.0016777041942604856,0.59
59,0.9879028697571743,0.00847682119205298,0.002030905077262693,0.0015894039735099338,0.6
60,0.9884326710816776,0.00847682119205298,0.001501103752759382,0.0015894039735099338,0.61
61,0.9886975717439294,0.008565121412803533,0.0012362030905077263,0.001501103752759382,0.62
62,0.9890507726269315,0.008830022075055188,0.0008830022075055188,0.0012362030905077263,0.63
63,0.9893156732891832,0.009094922737306844,0.0006181015452538631,0.0009713024282560706,0.64
64,0.9894039735099338,0.009271523178807948,0.0005298013245033113,0.0007947019867549669,0.65
65,0.9894922737306844,0.009359823399558499,0.0004415011037527594,0.000706401766004415,0.66
66,0.9896688741721854,0.009448123620309052,0.00026490066225165563,0.0006181015452538631,0.67
67,0.9898454746136865,0.009536423841059603,8.830022075055188e-05,0.0005298013245033113,0.68
68,0.9898454746136865,0.009624724061810155,8.830022075055188e-05,0.0004415011037527594,0.69
69,0.9898454746136865,0.009713024282560706,8.830022075055188e-05,0.0003532008830022075,0.7
70,0.9898454746136865,0.009713024282560706,8.830022075055188e-05,0.0003532008830022075,0.71
71,0.9898454746136865,0.00980132450331126,8.830022075055188e-05,0.00026490066225165563,0.72
72,0.9898454746136865,0.00980132450331126,8.830022075055188e-05,0.00026490066225165563,0.73
73,0.9898454746136865,0.00980132450331126,8.830022075055188e-05,0.00026490066225165563,0.74
74,0.9899337748344371,0.00980132450331126,0.0,0.00026490066225165563,0.75
75,0.9899337748344371,0.00988962472406181,0.0,0.00017660044150110375,0.76
76,0.9899337748344371,0.00988962472406181,0.0,0.00017660044150110375,0.77
77,0.9899337748344371,0.009977924944812363,0.0,8.830022075055188e-05,0.78
78,0.9899337748344371,0.009977924944812363,0.0,8.830022075055188e-05,0.79
79,0.9899337748344371,0.009977924944812363,0.0,8.830022075055188e-05,0.8
80,0.9899337748344371,0.009977924944812363,0.0,8.830022075055188e-05,0.81
81,0.9899337748344371,0.009977924944812363,0.0,8.830022075055188e-05,0.82
82,0.9899337748344371,0.009977924944812363,0.0,8.830022075055188e-05,0.83
83,0.9899337748344371,0.009977924944812363,0.0,8.830022075055188e-05,0.84
84,0.9899337748344371,0.009977924944812363,0.0,8.830022075055188e-05,0.85
85,0.9899337748344371,0.009977924944812363,0.0,8.830022075055188e-05,0.86
86,0.9899337748344371,0.009977924944812363,0.0,8.830022075055188e-05,0.87
87,0.9899337748344371,0.009977924944812363,0.0,8.830022075055188e-05,0.88
88,0.9899337748344371,0.009977924944812363,0.0,8.830022075055188e-05,0.89
89,0.9899337748344371,0.009977924944812363,0.0,8.830022075055188e-05,0.9
90,0.9899337748344371,0.009977924944812363,0.0,8.830022075055188e-05,0.91
91,0.9899337748344371,0.009977924944812363,0.0,8.830022075055188e-05,0.92
92,0.9899337748344371,0.009977924944812363,0.0,8.830022075055188e-05,0.93
93,0.9899337748344371,0.009977924944812363,0.0,8.830022075055188e-05,0.94
94,0.9899337748344371,0.009977924944812363,0.0,8.830022075055188e-05,0.95
95,0.9899337748344371,0.009977924944812363,0.0,8.830022075055188e-05,0.96
96,0.9899337748344371,0.009977924944812363,0.0,8.830022075055188e-05,0.97
97,0.9899337748344371,0.009977924944812363,0.0,8.830022075055188e-05,0.98
98,0.9899337748344371,0.009977924944812363,0.0,8.830022075055188e-05,0.99
99,0.9899337748344371,0.009977924944812363,0.0,8.830022075055188e-05,1.0
