,tn,fp,fn,tp,percentage
0,8.830022075055188e-05,0.0,0.9898454746136865,0.010066225165562914,0.01
1,0.00026490066225165563,0.0,0.9896688741721854,0.010066225165562914,0.02
2,0.0007947019867549669,0.0,0.9891390728476821,0.010066225165562914,0.03
3,0.0018543046357615894,0.0,0.9880794701986755,0.010066225165562914,0.04
4,0.0033554083885209713,0.0,0.9865783664459161,0.010066225165562914,0.05
5,0.005121412803532009,0.0,0.984812362030905,0.010066225165562914,0.06
6,0.007328918322295806,0.0,0.9826048565121412,0.010066225165562914,0.07
7,0.010154525386313467,0.0,0.9797792494481237,0.010066225165562914,0.08
8,0.0141280353200883,0.0,0.9758057395143488,0.010066225165562914,0.09
9,0.020397350993377483,0.0,0.9695364238410596,0.010066225165562914,0.1
10,0.02772626931567329,0.0,0.9622075055187638,0.010066225165562914,0.11
11,0.038940397350993375,0.0,0.9509933774834437,0.010066225165562914,0.12
12,0.050684326710816775,0.0,0.9392494481236203,0.010066225165562914,0.13
13,0.06746136865342163,0.0,0.9224724061810154,0.010066225165562914,0.14
14,0.08856512141280354,0.0,0.9013686534216335,0.010066225165562914,0.15
15,0.11549668874172185,0.0,0.8744370860927152,0.010066225165562914,0.16
16,0.14781456953642383,0.0,0.8421192052980132,0.010066225165562914,0.17
17,0.18931567328918322,0.0,0.8006181015452538,0.010066225165562914,0.18
18,0.23637969094922737,0.0,0.7535540838852097,0.010066225165562914,0.19
19,0.28980132450331125,0.0,0.7001324503311258,0.010066225165562914,0.2
20,0.28980132450331125,0.0,0.7001324503311258,0.010066225165562914,0.21
21,0.35161147902869755,0.0,0.6383222958057395,0.010066225165562914,0.22
22,0.4163355408388521,0.0,0.573598233995585,0.010066225165562914,0.23
23,0.4869757174392936,8.830022075055188e-05,0.5029580573951435,0.009977924944812363,0.24
24,0.5535540838852097,8.830022075055188e-05,0.43637969094922735,0.009977924944812363,0.25
25,0.6164238410596027,8.830022075055188e-05,0.37350993377483444,0.009977924944812363,0.26
26,0.6712582781456954,8.830022075055188e-05,0.31867549668874173,0.009977924944812363,0.27
27,0.7242384105960264,0.00017660044150110375,0.2656953642384106,0.00988962472406181,0.28
28,0.7705077262693156,0.00026490066225165563,0.2194260485651214,0.00980132450331126,0.29
29,0.8073289183222958,0.00026490066225165563,0.18260485651214128,0.00980132450331126,0.3
30,0.8408830022075056,0.0005298013245033113,0.14905077262693156,0.009536423841059603,0.31
31,0.8663134657836644,0.000706401766004415,0.12362030905077263,0.009359823399558499,0.32
32,0.8870640176600442,0.0009713024282560706,0.10286975717439294,0.009094922737306844,0.33
33,0.9053421633554084,0.0011479028697571744,0.0845916114790287,0.00891832229580574,0.34
34,0.9204415011037528,0.0013245033112582781,0.06949227373068433,0.008741721854304637,0.35
35,0.931832229580574,0.0016777041942604856,0.058101545253863136,0.008388520971302429,0.36
36,0.9417218543046357,0.0017660044150110375,0.048211920529801326,0.008300220750551876,0.37
37,0.9496688741721855,0.0018543046357615894,0.040264900662251656,0.008211920529801325,0.38
38,0.9561147902869758,0.002030905077262693,0.03381898454746137,0.008035320088300222,0.39
39,0.9561147902869758,0.002030905077262693,0.03381898454746137,0.008035320088300222,0.4
40,0.9614128035320089,0.002295805739514349,0.028520971302428255,0.007770419426048565,0.41
41,0.9654746136865342,0.0026490066225165563,0.02445916114790287,0.007417218543046358,0.42
42,0.9695364238410596,0.00282560706401766,0.020397350993377483,0.007240618101545254,0.43
43,0.9730684326710817,0.0030905077262693157,0.016865342163355408,0.006975717439293598,0.44
44,0.9754525386313466,0.0033554083885209713,0.014481236203090508,0.006710816777041943,0.45
45,0.9773951434878587,0.004061810154525386,0.012538631346578366,0.006004415011037528,0.46
46,0.9789845474613686,0.004061810154525386,0.010949227373068433,0.006004415011037528,0.47
47,0.9800441501103753,0.004591611479028698,0.00988962472406181,0.005474613686534216,0.48
48,0.9811920529801325,0.005121412803532009,0.008741721854304637,0.004944812362030905,0.49
49,0.9825165562913907,0.005739514348785872,0.007417218543046358,0.004326710816777042,0.5
50,0.9834878587196468,0.0060927152317880795,0.006445916114790287,0.003973509933774834,0.51
51,0.984635761589404,0.006357615894039735,0.005298013245033113,0.003708609271523179,0.52
52,0.9854304635761589,0.006622516556291391,0.004503311258278146,0.003443708609271523,0.53
53,0.986225165562914,0.0067991169977924945,0.003708609271523179,0.0032671081677704194,0.54
54,0.986401766004415,0.007240618101545254,0.003532008830022075,0.00282560706401766,0.55
55,0.9869315673289183,0.007770419426048565,0.003002207505518764,0.002295805739514349,0.56
56,0.9872847682119206,0.008035320088300222,0.0026490066225165563,0.002030905077262693,0.57
57,0.9875496688741722,0.008388520971302429,0.0023841059602649007,0.0016777041942604856,0.58
58,0.9879028697571743,0.00847682119205298,0.002030905077262693,0.0015894039735099338,0.59
59,0.9879028697571743,0.00847682119205298,0.002030905077262693,0.0015894039735099338,0.6
60,0.9883443708609272,0.008565121412803533,0.0015894039735099338,0.001501103752759382,0.61
61,0.9886092715231788,0.008565121412803533,0.0013245033112582781,0.001501103752759382,0.62
62,0.9890507726269315,0.008741721854304637,0.0008830022075055188,0.0013245033112582781,0.63
63,0.9893156732891832,0.009006622516556291,0.0006181015452538631,0.0010596026490066225,0.64
64,0.9893156732891832,0.009183222958057395,0.0006181015452538631,0.0008830022075055188,0.65
65,0.9894922737306844,0.009359823399558499,0.0004415011037527594,0.000706401766004415,0.66
66,0.9896688741721854,0.009536423841059603,0.00026490066225165563,0.0005298013245033113,0.67
67,0.9898454746136865,0.009536423841059603,8.830022075055188e-05,0.0005298013245033113,0.68
68,0.9898454746136865,0.009713024282560706,8.830022075055188e-05,0.0003532008830022075,0.69
69,0.9898454746136865,0.00980132450331126,8.830022075055188e-05,0.00026490066225165563,0.7
70,0.9898454746136865,0.00980132450331126,8.830022075055188e-05,0.00026490066225165563,0.71
71,0.9898454746136865,0.00980132450331126,8.830022075055188e-05,0.00026490066225165563,0.72
72,0.9898454746136865,0.00980132450331126,8.830022075055188e-05,0.00026490066225165563,0.73
73,0.9898454746136865,0.00980132450331126,8.830022075055188e-05,0.00026490066225165563,0.74
74,0.9899337748344371,0.00980132450331126,0.0,0.00026490066225165563,0.75
75,0.9899337748344371,0.00988962472406181,0.0,0.00017660044150110375,0.76
76,0.9899337748344371,0.009977924944812363,0.0,8.830022075055188e-05,0.77
77,0.9899337748344371,0.009977924944812363,0.0,8.830022075055188e-05,0.78
78,0.9899337748344371,0.009977924944812363,0.0,8.830022075055188e-05,0.79
79,0.9899337748344371,0.009977924944812363,0.0,8.830022075055188e-05,0.8
80,0.9899337748344371,0.009977924944812363,0.0,8.830022075055188e-05,0.81
81,0.9899337748344371,0.009977924944812363,0.0,8.830022075055188e-05,0.82
82,0.9899337748344371,0.009977924944812363,0.0,8.830022075055188e-05,0.83
83,0.9899337748344371,0.009977924944812363,0.0,8.830022075055188e-05,0.84
84,0.9899337748344371,0.009977924944812363,0.0,8.830022075055188e-05,0.85
85,0.9899337748344371,0.009977924944812363,0.0,8.830022075055188e-05,0.86
86,0.9899337748344371,0.009977924944812363,0.0,8.830022075055188e-05,0.87
87,0.9899337748344371,0.009977924944812363,0.0,8.830022075055188e-05,0.88
88,0.9899337748344371,0.009977924944812363,0.0,8.830022075055188e-05,0.89
89,0.9899337748344371,0.009977924944812363,0.0,8.830022075055188e-05,0.9
90,0.9899337748344371,0.009977924944812363,0.0,8.830022075055188e-05,0.91
91,0.9899337748344371,0.009977924944812363,0.0,8.830022075055188e-05,0.92
92,0.9899337748344371,0.009977924944812363,0.0,8.830022075055188e-05,0.93
93,0.9899337748344371,0.009977924944812363,0.0,8.830022075055188e-05,0.94
94,0.9899337748344371,0.009977924944812363,0.0,8.830022075055188e-05,0.95
95,0.9899337748344371,0.009977924944812363,0.0,8.830022075055188e-05,0.96
96,0.9899337748344371,0.009977924944812363,0.0,8.830022075055188e-05,0.97
97,0.9899337748344371,0.009977924944812363,0.0,8.830022075055188e-05,0.98
98,0.9899337748344371,0.009977924944812363,0.0,8.830022075055188e-05,0.99
99,0.9899337748344371,0.009977924944812363,0.0,8.830022075055188e-05,1.0
