,tn,fp,fn,tp,percentage
0,0.0007207207207207207,0.0,0.9722522522522522,0.02702702702702703,0.01
1,0.0018018018018018018,0.0,0.9711711711711711,0.02702702702702703,0.02
2,0.0025225225225225223,0.0,0.9704504504504504,0.02702702702702703,0.03
3,0.003243243243243243,0.0,0.9697297297297297,0.02702702702702703,0.04
4,0.0036036036036036037,0.0,0.9693693693693693,0.02702702702702703,0.05
5,0.0036036036036036037,0.0,0.9693693693693693,0.02702702702702703,0.06
6,0.006486486486486486,0.0,0.9664864864864865,0.02702702702702703,0.07
7,0.006846846846846847,0.0,0.9661261261261261,0.02702702702702703,0.08
8,0.010450450450450451,0.0,0.9625225225225226,0.02702702702702703,0.09
9,0.014414414414414415,0.0,0.9585585585585585,0.02702702702702703,0.1
10,0.018018018018018018,0.0,0.954954954954955,0.02702702702702703,0.11
11,0.024504504504504504,0.0,0.9484684684684684,0.02702702702702703,0.12
12,0.032432432432432434,0.0,0.9405405405405406,0.02702702702702703,0.13
13,0.04792792792792793,0.0,0.925045045045045,0.02702702702702703,0.14
14,0.061621621621621624,0.0,0.9113513513513514,0.02702702702702703,0.15
15,0.07207207207207207,0.0,0.9009009009009009,0.02702702702702703,0.16
16,0.0872072072072072,0.0,0.8857657657657657,0.02702702702702703,0.17
17,0.10594594594594595,0.0,0.867027027027027,0.02702702702702703,0.18
18,0.12216216216216216,0.0,0.8508108108108108,0.02702702702702703,0.19
19,0.14198198198198198,0.0,0.8309909909909909,0.02702702702702703,0.2
20,0.19027027027027027,0.0,0.7827027027027027,0.02702702702702703,0.21
21,0.2190990990990991,0.0,0.7538738738738738,0.02702702702702703,0.22
22,0.24576576576576575,0.0,0.7272072072072072,0.02702702702702703,0.23
23,0.2774774774774775,0.0,0.6954954954954955,0.02702702702702703,0.24
24,0.31567567567567567,0.0,0.6572972972972972,0.02702702702702703,0.25
25,0.35495495495495494,0.0,0.618018018018018,0.02702702702702703,0.26
26,0.4281081081081081,0.0,0.5448648648648649,0.02702702702702703,0.27
27,0.4742342342342342,0.0,0.49873873873873875,0.02702702702702703,0.28
28,0.5045045045045045,0.0,0.46846846846846846,0.02702702702702703,0.29
29,0.5390990990990991,0.0,0.4338738738738739,0.02702702702702703,0.3
30,0.5758558558558559,0.00036036036036036037,0.3971171171171171,0.02666666666666667,0.31
31,0.6086486486486486,0.00036036036036036037,0.3643243243243243,0.02666666666666667,0.32
32,0.6407207207207207,0.00036036036036036037,0.33225225225225224,0.02666666666666667,0.33
33,0.6972972972972973,0.00036036036036036037,0.2756756756756757,0.02666666666666667,0.34
34,0.7293693693693694,0.00036036036036036037,0.2436036036036036,0.02666666666666667,0.35
35,0.7538738738738738,0.00036036036036036037,0.2190990990990991,0.02666666666666667,0.36
36,0.7733333333333333,0.00036036036036036037,0.19963963963963963,0.02666666666666667,0.37
37,0.7967567567567567,0.00036036036036036037,0.17621621621621622,0.02666666666666667,0.38
38,0.8212612612612613,0.00036036036036036037,0.15171171171171172,0.02666666666666667,0.39
39,0.8392792792792793,0.00036036036036036037,0.1336936936936937,0.02666666666666667,0.4
40,0.870990990990991,0.00036036036036036037,0.10198198198198198,0.02666666666666667,0.41
41,0.8828828828828829,0.00036036036036036037,0.09009009009009009,0.02666666666666667,0.42
42,0.8915315315315315,0.00036036036036036037,0.08144144144144144,0.02666666666666667,0.43
43,0.9048648648648648,0.00036036036036036037,0.0681081081081081,0.02666666666666667,0.44
44,0.9142342342342342,0.00036036036036036037,0.058738738738738736,0.02666666666666667,0.45
45,0.9225225225225225,0.00036036036036036037,0.05045045045045045,0.02666666666666667,0.46
46,0.9394594594594594,0.0007207207207207207,0.03351351351351351,0.026306306306306305,0.47
47,0.9445045045045045,0.0007207207207207207,0.02846846846846847,0.026306306306306305,0.48
48,0.9509909909909909,0.001081081081081081,0.021981981981981983,0.025945945945945945,0.49
49,0.9556756756756757,0.0018018018018018018,0.017297297297297298,0.025225225225225224,0.5
50,0.961081081081081,0.0025225225225225223,0.011891891891891892,0.024504504504504504,0.51
51,0.9625225225225226,0.002882882882882883,0.010450450450450451,0.024144144144144144,0.52
52,0.9636036036036036,0.003243243243243243,0.009369369369369369,0.023783783783783784,0.53
53,0.9668468468468469,0.003963963963963964,0.006126126126126126,0.023063063063063063,0.54
54,0.9682882882882883,0.0046846846846846845,0.0046846846846846845,0.022342342342342343,0.55
55,0.9693693693693693,0.005045045045045045,0.0036036036036036037,0.021981981981981983,0.56
56,0.9704504504504504,0.006486486486486486,0.0025225225225225223,0.02054054054054054,0.57
57,0.9715315315315315,0.006486486486486486,0.0014414414414414415,0.02054054054054054,0.58
58,0.9715315315315315,0.006846846846846847,0.0014414414414414415,0.02018018018018018,0.59
59,0.9715315315315315,0.006846846846846847,0.0014414414414414415,0.02018018018018018,0.6
60,0.9718918918918918,0.006846846846846847,0.001081081081081081,0.02018018018018018,0.61
61,0.9718918918918918,0.008288288288288289,0.001081081081081081,0.018738738738738738,0.62
62,0.9718918918918918,0.010810810810810811,0.001081081081081081,0.016216216216216217,0.63
63,0.9722522522522522,0.011171171171171172,0.0007207207207207207,0.015855855855855857,0.64
64,0.9722522522522522,0.012252252252252252,0.0007207207207207207,0.014774774774774775,0.65
65,0.9722522522522522,0.012612612612612612,0.0007207207207207207,0.014414414414414415,0.66
66,0.972972972972973,0.014054054054054054,0.0,0.012972972972972972,0.67
67,0.972972972972973,0.014774774774774775,0.0,0.012252252252252252,0.68
68,0.972972972972973,0.015855855855855857,0.0,0.011171171171171172,0.69
69,0.972972972972973,0.015855855855855857,0.0,0.011171171171171172,0.7
70,0.972972972972973,0.015855855855855857,0.0,0.011171171171171172,0.71
71,0.972972972972973,0.016936936936936937,0.0,0.01009009009009009,0.72
72,0.972972972972973,0.017297297297297298,0.0,0.00972972972972973,0.73
73,0.972972972972973,0.017657657657657658,0.0,0.009369369369369369,0.74
74,0.972972972972973,0.018378378378378378,0.0,0.008648648648648649,0.75
75,0.972972972972973,0.0190990990990991,0.0,0.007927927927927928,0.76
76,0.972972972972973,0.02018018018018018,0.0,0.006846846846846847,0.77
77,0.972972972972973,0.02054054054054054,0.0,0.006486486486486486,0.78
78,0.972972972972973,0.02054054054054054,0.0,0.006486486486486486,0.79
79,0.972972972972973,0.020900900900900903,0.0,0.006126126126126126,0.8
80,0.972972972972973,0.021261261261261263,0.0,0.005765765765765766,0.81
81,0.972972972972973,0.022342342342342343,0.0,0.0046846846846846845,0.82
82,0.972972972972973,0.022342342342342343,0.0,0.0046846846846846845,0.83
83,0.972972972972973,0.023063063063063063,0.0,0.003963963963963964,0.84
84,0.972972972972973,0.023783783783783784,0.0,0.003243243243243243,0.85
85,0.972972972972973,0.023783783783783784,0.0,0.003243243243243243,0.86
86,0.972972972972973,0.024144144144144144,0.0,0.002882882882882883,0.87
87,0.972972972972973,0.024144144144144144,0.0,0.002882882882882883,0.88
88,0.972972972972973,0.024504504504504504,0.0,0.0025225225225225223,0.89
89,0.972972972972973,0.024864864864864864,0.0,0.002162162162162162,0.9
90,0.972972972972973,0.024864864864864864,0.0,0.002162162162162162,0.91
91,0.972972972972973,0.025225225225225224,0.0,0.0018018018018018018,0.92
92,0.972972972972973,0.025585585585585584,0.0,0.0014414414414414415,0.93
93,0.972972972972973,0.026306306306306305,0.0,0.0007207207207207207,0.94
94,0.972972972972973,0.02666666666666667,0.0,0.00036036036036036037,0.95
95,0.972972972972973,0.02666666666666667,0.0,0.00036036036036036037,0.96
96,0.972972972972973,0.02666666666666667,0.0,0.00036036036036036037,0.97
97,0.972972972972973,0.02666666666666667,0.0,0.00036036036036036037,0.98
98,0.972972972972973,0.02666666666666667,0.0,0.00036036036036036037,0.99
99,0.972972972972973,0.02666666666666667,0.0,0.00036036036036036037,1.0
