,tn,fp,fn,tp,percentage
0,0.00036036036036036037,0.0,0.9726126126126126,0.02702702702702703,0.01
1,0.00036036036036036037,0.0,0.9726126126126126,0.02702702702702703,0.02
2,0.00036036036036036037,0.0,0.9726126126126126,0.02702702702702703,0.03
3,0.00036036036036036037,0.0,0.9726126126126126,0.02702702702702703,0.04
4,0.00036036036036036037,0.0,0.9726126126126126,0.02702702702702703,0.05
5,0.0025225225225225223,0.0,0.9704504504504504,0.02702702702702703,0.06
6,0.0025225225225225223,0.0,0.9704504504504504,0.02702702702702703,0.07
7,0.005045045045045045,0.0,0.9679279279279279,0.02702702702702703,0.08
8,0.005405405405405406,0.0,0.9675675675675676,0.02702702702702703,0.09
9,0.008648648648648649,0.0,0.9643243243243244,0.02702702702702703,0.1
10,0.010450450450450451,0.0,0.9625225225225226,0.02702702702702703,0.11
11,0.016576576576576577,0.0,0.9563963963963964,0.02702702702702703,0.12
12,0.02054054054054054,0.0,0.9524324324324325,0.02702702702702703,0.13
13,0.02666666666666667,0.0,0.9463063063063063,0.02702702702702703,0.14
14,0.03207207207207207,0.0,0.940900900900901,0.02702702702702703,0.15
15,0.04,0.0,0.932972972972973,0.02702702702702703,0.16
16,0.047207207207207204,0.0,0.9257657657657657,0.02702702702702703,0.17
17,0.058018018018018015,0.0,0.9149549549549549,0.02702702702702703,0.18
18,0.06378378378378378,0.0,0.9091891891891892,0.02702702702702703,0.19
19,0.08216216216216216,0.0,0.8908108108108108,0.02702702702702703,0.2
20,0.09333333333333334,0.0,0.8796396396396396,0.02702702702702703,0.21
21,0.11459459459459459,0.0,0.8583783783783784,0.02702702702702703,0.22
22,0.12828828828828828,0.0,0.8446846846846847,0.02702702702702703,0.23
23,0.15135135135135136,0.0,0.8216216216216217,0.02702702702702703,0.24
24,0.16216216216216217,0.0,0.8108108108108109,0.02702702702702703,0.25
25,0.1891891891891892,0.0,0.7837837837837838,0.02702702702702703,0.26
26,0.20324324324324325,0.0,0.7697297297297298,0.02702702702702703,0.27
27,0.23531531531531533,0.0,0.7376576576576577,0.02702702702702703,0.28
28,0.24864864864864866,0.0,0.7243243243243244,0.02702702702702703,0.29
29,0.2803603603603604,0.0,0.6926126126126126,0.02702702702702703,0.3
30,0.29945945945945945,0.0,0.6735135135135135,0.02702702702702703,0.31
31,0.33225225225225224,0.0,0.6407207207207207,0.02702702702702703,0.32
32,0.3527927927927928,0.0,0.6201801801801802,0.02702702702702703,0.33
33,0.38846846846846844,0.0,0.5845045045045045,0.02702702702702703,0.34
34,0.41009009009009006,0.0,0.5628828828828829,0.02702702702702703,0.35
35,0.4461261261261261,0.0,0.5268468468468468,0.02702702702702703,0.36
36,0.4601801801801802,0.0,0.5127927927927928,0.02702702702702703,0.37
37,0.49657657657657656,0.0,0.4763963963963964,0.02702702702702703,0.38
38,0.5124324324324324,0.0,0.46054054054054056,0.02702702702702703,0.39
39,0.5416216216216216,0.0,0.43135135135135133,0.02702702702702703,0.4
40,0.5614414414414415,0.0,0.41153153153153155,0.02702702702702703,0.41
41,0.5956756756756757,0.00036036036036036037,0.3772972972972973,0.02666666666666667,0.42
42,0.6133333333333333,0.00036036036036036037,0.35963963963963963,0.02666666666666667,0.43
43,0.6497297297297298,0.0007207207207207207,0.3232432432432432,0.026306306306306305,0.44
44,0.6684684684684684,0.0007207207207207207,0.3045045045045045,0.026306306306306305,0.45
45,0.6976576576576576,0.001081081081081081,0.27531531531531533,0.025945945945945945,0.46
46,0.7135135135135136,0.001081081081081081,0.2594594594594595,0.025945945945945945,0.47
47,0.7452252252252253,0.001081081081081081,0.22774774774774775,0.025945945945945945,0.48
48,0.7596396396396397,0.001081081081081081,0.21333333333333335,0.025945945945945945,0.49
49,0.7891891891891892,0.0014414414414414415,0.1837837837837838,0.025585585585585584,0.5
50,0.8100900900900901,0.0014414414414414415,0.16288288288288288,0.025585585585585584,0.51
51,0.8241441441441442,0.0014414414414414415,0.14882882882882884,0.025585585585585584,0.52
52,0.8472072072072072,0.0018018018018018018,0.12576576576576576,0.025225225225225224,0.53
53,0.8562162162162162,0.0025225225225225223,0.11675675675675676,0.024504504504504504,0.54
54,0.8778378378378379,0.003243243243243243,0.09513513513513513,0.023783783783783784,0.55
55,0.8843243243243243,0.003243243243243243,0.08864864864864865,0.023783783783783784,0.56
56,0.8998198198198198,0.0036036036036036037,0.07315315315315316,0.023423423423423424,0.57
57,0.9063063063063063,0.0046846846846846845,0.06666666666666667,0.022342342342342343,0.58
58,0.9167567567567567,0.005045045045045045,0.05621621621621622,0.021981981981981983,0.59
59,0.9264864864864865,0.005045045045045045,0.046486486486486484,0.021981981981981983,0.6
60,0.9362162162162162,0.006126126126126126,0.036756756756756756,0.020900900900900903,0.61
61,0.9416216216216217,0.007207207207207207,0.03135135135135135,0.01981981981981982,0.62
62,0.9481081081081081,0.008288288288288289,0.024864864864864864,0.018738738738738738,0.63
63,0.9488288288288288,0.008648648648648649,0.024144144144144144,0.018378378378378378,0.64
64,0.9563963963963964,0.009369369369369369,0.016576576576576577,0.017657657657657658,0.65
65,0.9596396396396396,0.00972972972972973,0.013333333333333334,0.017297297297297298,0.66
66,0.9628828828828829,0.010810810810810811,0.01009009009009009,0.016216216216216217,0.67
67,0.9654054054054054,0.011171171171171172,0.0075675675675675675,0.015855855855855857,0.68
68,0.969009009009009,0.011171171171171172,0.003963963963963964,0.015855855855855857,0.69
69,0.969009009009009,0.011171171171171172,0.003963963963963964,0.015855855855855857,0.7
70,0.9700900900900901,0.011891891891891892,0.002882882882882883,0.015135135135135135,0.71
71,0.9704504504504504,0.012612612612612612,0.0025225225225225223,0.014414414414414415,0.72
72,0.9711711711711711,0.013333333333333334,0.0018018018018018018,0.013693693693693694,0.73
73,0.9715315315315315,0.014054054054054054,0.0014414414414414415,0.012972972972972972,0.74
74,0.9722522522522522,0.014054054054054054,0.0007207207207207207,0.012972972972972972,0.75
75,0.972972972972973,0.014414414414414415,0.0,0.012612612612612612,0.76
76,0.972972972972973,0.015135135135135135,0.0,0.011891891891891892,0.77
77,0.972972972972973,0.015855855855855857,0.0,0.011171171171171172,0.78
78,0.972972972972973,0.015855855855855857,0.0,0.011171171171171172,0.79
79,0.972972972972973,0.016216216216216217,0.0,0.010810810810810811,0.8
80,0.972972972972973,0.018018018018018018,0.0,0.009009009009009009,0.81
81,0.972972972972973,0.018378378378378378,0.0,0.008648648648648649,0.82
82,0.972972972972973,0.018378378378378378,0.0,0.008648648648648649,0.83
83,0.972972972972973,0.018378378378378378,0.0,0.008648648648648649,0.84
84,0.972972972972973,0.02054054054054054,0.0,0.006486486486486486,0.85
85,0.972972972972973,0.02054054054054054,0.0,0.006486486486486486,0.86
86,0.972972972972973,0.021621621621621623,0.0,0.005405405405405406,0.87
87,0.972972972972973,0.021981981981981983,0.0,0.005045045045045045,0.88
88,0.972972972972973,0.023063063063063063,0.0,0.003963963963963964,0.89
89,0.972972972972973,0.023423423423423424,0.0,0.0036036036036036037,0.9
90,0.972972972972973,0.024144144144144144,0.0,0.002882882882882883,0.91
91,0.972972972972973,0.024864864864864864,0.0,0.002162162162162162,0.92
92,0.972972972972973,0.025585585585585584,0.0,0.0014414414414414415,0.93
93,0.972972972972973,0.025585585585585584,0.0,0.0014414414414414415,0.94
94,0.972972972972973,0.025585585585585584,0.0,0.0014414414414414415,0.95
95,0.972972972972973,0.025945945945945945,0.0,0.001081081081081081,0.96
96,0.972972972972973,0.025945945945945945,0.0,0.001081081081081081,0.97
97,0.972972972972973,0.026306306306306305,0.0,0.0007207207207207207,0.98
98,0.972972972972973,0.02666666666666667,0.0,0.00036036036036036037,0.99
99,0.972972972972973,0.02702702702702703,0.0,0.0,1.0
