,tn,fp,fn,tp,percentage
0,0.00036036036036036037,0.0,0.9726126126126126,0.02702702702702703,0.01
1,0.001081081081081081,0.0,0.9718918918918918,0.02702702702702703,0.02
2,0.001081081081081081,0.0,0.9718918918918918,0.02702702702702703,0.03
3,0.001081081081081081,0.0,0.9718918918918918,0.02702702702702703,0.04
4,0.0018018018018018018,0.0,0.9711711711711711,0.02702702702702703,0.05
5,0.0025225225225225223,0.0,0.9704504504504504,0.02702702702702703,0.06
6,0.005045045045045045,0.0,0.9679279279279279,0.02702702702702703,0.07
7,0.006126126126126126,0.0,0.9668468468468469,0.02702702702702703,0.08
8,0.009369369369369369,0.0,0.9636036036036036,0.02702702702702703,0.09
9,0.011531531531531532,0.0,0.9614414414414414,0.02702702702702703,0.1
10,0.015135135135135135,0.0,0.9578378378378378,0.02702702702702703,0.11
11,0.01945945945945946,0.00036036036036036037,0.9535135135135135,0.02666666666666667,0.12
12,0.022342342342342343,0.00036036036036036037,0.9506306306306306,0.02666666666666667,0.13
13,0.02810810810810811,0.00036036036036036037,0.9448648648648649,0.02666666666666667,0.14
14,0.03207207207207207,0.00036036036036036037,0.940900900900901,0.02666666666666667,0.15
15,0.036756756756756756,0.00036036036036036037,0.9362162162162162,0.02666666666666667,0.16
16,0.04432432432432432,0.00036036036036036037,0.9286486486486486,0.02666666666666667,0.17
17,0.05081081081081081,0.00036036036036036037,0.9221621621621622,0.02666666666666667,0.18
18,0.058738738738738736,0.00036036036036036037,0.9142342342342342,0.02666666666666667,0.19
19,0.07027027027027027,0.00036036036036036037,0.9027027027027027,0.02666666666666667,0.2
20,0.08288288288288288,0.00036036036036036037,0.8900900900900901,0.02666666666666667,0.21
21,0.08936936936936937,0.00036036036036036037,0.8836036036036036,0.02666666666666667,0.22
22,0.10162162162162162,0.00036036036036036037,0.8713513513513513,0.02666666666666667,0.23
23,0.11315315315315315,0.00036036036036036037,0.8598198198198198,0.02666666666666667,0.24
24,0.12216216216216216,0.00036036036036036037,0.8508108108108108,0.02666666666666667,0.25
25,0.13225225225225226,0.0007207207207207207,0.8407207207207207,0.026306306306306305,0.26
26,0.14774774774774774,0.0007207207207207207,0.8252252252252252,0.026306306306306305,0.27
27,0.1636036036036036,0.0007207207207207207,0.8093693693693693,0.026306306306306305,0.28
28,0.17333333333333334,0.0007207207207207207,0.7996396396396397,0.026306306306306305,0.29
29,0.19207207207207208,0.0007207207207207207,0.7809009009009009,0.026306306306306305,0.3
30,0.20972972972972972,0.0007207207207207207,0.7632432432432432,0.026306306306306305,0.31
31,0.22702702702702704,0.0007207207207207207,0.745945945945946,0.026306306306306305,0.32
32,0.2472072072072072,0.0007207207207207207,0.7257657657657658,0.026306306306306305,0.33
33,0.2634234234234234,0.0007207207207207207,0.7095495495495495,0.026306306306306305,0.34
34,0.2825225225225225,0.0007207207207207207,0.6904504504504505,0.026306306306306305,0.35
35,0.2918918918918919,0.0007207207207207207,0.6810810810810811,0.026306306306306305,0.36
36,0.3117117117117117,0.0007207207207207207,0.6612612612612613,0.026306306306306305,0.37
37,0.32756756756756755,0.0014414414414414415,0.6454054054054054,0.025585585585585584,0.38
38,0.3473873873873874,0.0014414414414414415,0.6255855855855856,0.025585585585585584,0.39
39,0.3621621621621622,0.0014414414414414415,0.6108108108108108,0.025585585585585584,0.4
40,0.37873873873873876,0.0018018018018018018,0.5942342342342343,0.025225225225225224,0.41
41,0.3989189189189189,0.0018018018018018018,0.5740540540540541,0.025225225225225224,0.42
42,0.4072072072072072,0.0018018018018018018,0.5657657657657658,0.025225225225225224,0.43
43,0.42558558558558557,0.0018018018018018018,0.5473873873873873,0.025225225225225224,0.44
44,0.44432432432432434,0.0018018018018018018,0.5286486486486487,0.025225225225225224,0.45
45,0.46306306306306305,0.0018018018018018018,0.5099099099099099,0.025225225225225224,0.46
46,0.4818018018018018,0.0018018018018018018,0.49117117117117115,0.025225225225225224,0.47
47,0.5041441441441441,0.002162162162162162,0.4688288288288288,0.024864864864864864,0.48
48,0.5268468468468468,0.0025225225225225223,0.4461261261261261,0.024504504504504504,0.49
49,0.5347747747747748,0.002882882882882883,0.4381981981981982,0.024144144144144144,0.5
50,0.5535135135135135,0.002882882882882883,0.41945945945945945,0.024144144144144144,0.51
51,0.5711711711711712,0.0036036036036036037,0.4018018018018018,0.023423423423423424,0.52
52,0.5913513513513513,0.0036036036036036037,0.3816216216216216,0.023423423423423424,0.53
53,0.6075675675675676,0.003963963963963964,0.3654054054054054,0.023063063063063063,0.54
54,0.6349549549549549,0.004324324324324324,0.338018018018018,0.022702702702702703,0.55
55,0.6576576576576577,0.004324324324324324,0.3153153153153153,0.022702702702702703,0.56
56,0.6767567567567567,0.004324324324324324,0.29621621621621624,0.022702702702702703,0.57
57,0.6832432432432433,0.004324324324324324,0.2897297297297297,0.022702702702702703,0.58
58,0.7016216216216217,0.0046846846846846845,0.27135135135135136,0.022342342342342343,0.59
59,0.7178378378378378,0.005045045045045045,0.25513513513513514,0.021981981981981983,0.6
60,0.7376576576576577,0.005405405405405406,0.23531531531531533,0.021621621621621623,0.61
61,0.7517117117117117,0.005405405405405406,0.22126126126126125,0.021621621621621623,0.62
62,0.7668468468468469,0.006126126126126126,0.20612612612612613,0.020900900900900903,0.63
63,0.7812612612612613,0.006486486486486486,0.19171171171171172,0.02054054054054054,0.64
64,0.7895495495495496,0.006846846846846847,0.1834234234234234,0.02018018018018018,0.65
65,0.8043243243243243,0.007207207207207207,0.16864864864864865,0.01981981981981982,0.66
66,0.8190990990990991,0.0075675675675675675,0.15387387387387388,0.01945945945945946,0.67
67,0.8327927927927928,0.007927927927927928,0.1401801801801802,0.0190990990990991,0.68
68,0.8482882882882883,0.008288288288288289,0.12468468468468469,0.018738738738738738,0.69
69,0.8601801801801802,0.008648648648648649,0.11279279279279279,0.018378378378378378,0.7
70,0.8706306306306306,0.008648648648648649,0.10234234234234234,0.018378378378378378,0.71
71,0.8774774774774775,0.009369369369369369,0.09549549549549549,0.017657657657657658,0.72
72,0.8915315315315315,0.00972972972972973,0.08144144144144144,0.017297297297297298,0.73
73,0.8998198198198198,0.00972972972972973,0.07315315315315316,0.017297297297297298,0.74
74,0.9099099099099099,0.011531531531531532,0.06306306306306306,0.015495495495495495,0.75
75,0.92,0.012252252252252252,0.05297297297297297,0.014774774774774775,0.76
76,0.9261261261261261,0.013693693693693694,0.04684684684684685,0.013333333333333334,0.77
77,0.932972972972973,0.014414414414414415,0.04,0.012612612612612612,0.78
78,0.9362162162162162,0.014414414414414415,0.036756756756756756,0.012612612612612612,0.79
79,0.9427027027027027,0.014774774774774775,0.03027027027027027,0.012252252252252252,0.8
80,0.9473873873873874,0.015495495495495495,0.025585585585585584,0.011531531531531532,0.81
81,0.9524324324324325,0.016216216216216217,0.02054054054054054,0.010810810810810811,0.82
82,0.954954954954955,0.016576576576576577,0.018018018018018018,0.010450450450450451,0.83
83,0.9578378378378378,0.016936936936936937,0.015135135135135135,0.01009009009009009,0.84
84,0.961081081081081,0.018018018018018018,0.011891891891891892,0.009009009009009009,0.85
85,0.9621621621621622,0.0190990990990991,0.010810810810810811,0.007927927927927928,0.86
86,0.9621621621621622,0.01945945945945946,0.010810810810810811,0.0075675675675675675,0.87
87,0.963963963963964,0.01945945945945946,0.009009009009009009,0.0075675675675675675,0.88
88,0.9654054054054054,0.01981981981981982,0.0075675675675675675,0.007207207207207207,0.89
89,0.9668468468468469,0.020900900900900903,0.006126126126126126,0.006126126126126126,0.9
90,0.9686486486486486,0.021981981981981983,0.004324324324324324,0.005045045045045045,0.91
91,0.9693693693693693,0.022342342342342343,0.0036036036036036037,0.0046846846846846845,0.92
92,0.9693693693693693,0.022702702702702703,0.0036036036036036037,0.004324324324324324,0.93
93,0.9708108108108108,0.023063063063063063,0.002162162162162162,0.003963963963963964,0.94
94,0.9711711711711711,0.024144144144144144,0.0018018018018018018,0.002882882882882883,0.95
95,0.9722522522522522,0.025225225225225224,0.0007207207207207207,0.0018018018018018018,0.96
96,0.9726126126126126,0.025585585585585584,0.00036036036036036037,0.0014414414414414415,0.97
97,0.972972972972973,0.025945945945945945,0.0,0.001081081081081081,0.98
98,0.972972972972973,0.026306306306306305,0.0,0.0007207207207207207,0.99
99,0.972972972972973,0.026306306306306305,0.0,0.0007207207207207207,1.0
