,tn,fp,fn,tp,percentage
0,0.0007207207207207207,0.0,0.9722522522522522,0.02702702702702703,0.01
1,0.0018018018018018018,0.0,0.9711711711711711,0.02702702702702703,0.02
2,0.003243243243243243,0.0,0.9697297297297297,0.02702702702702703,0.03
3,0.003963963963963964,0.0,0.969009009009009,0.02702702702702703,0.04
4,0.005405405405405406,0.0,0.9675675675675676,0.02702702702702703,0.05
5,0.006126126126126126,0.0,0.9668468468468469,0.02702702702702703,0.06
6,0.010450450450450451,0.0,0.9625225225225226,0.02702702702702703,0.07
7,0.017297297297297298,0.0,0.9556756756756757,0.02702702702702703,0.08
8,0.021261261261261263,0.0,0.9517117117117118,0.02702702702702703,0.09
9,0.03207207207207207,0.0,0.940900900900901,0.02702702702702703,0.1
10,0.04108108108108108,0.0,0.9318918918918919,0.02702702702702703,0.11
11,0.05765765765765766,0.0,0.9153153153153153,0.02702702702702703,0.12
12,0.07207207207207207,0.0,0.9009009009009009,0.02702702702702703,0.13
13,0.09009009009009009,0.0,0.8828828828828829,0.02702702702702703,0.14
14,0.11315315315315315,0.0,0.8598198198198198,0.02702702702702703,0.15
15,0.14342342342342343,0.0,0.8295495495495495,0.02702702702702703,0.16
16,0.17405405405405405,0.0,0.798918918918919,0.02702702702702703,0.17
17,0.21225225225225225,0.0,0.7607207207207207,0.02702702702702703,0.18
18,0.25225225225225223,0.0,0.7207207207207207,0.02702702702702703,0.19
19,0.29693693693693696,0.0,0.676036036036036,0.02702702702702703,0.2
20,0.3387387387387387,0.0,0.6342342342342342,0.02702702702702703,0.21
21,0.38414414414414416,0.0,0.5888288288288288,0.02702702702702703,0.22
22,0.4381981981981982,0.0,0.5347747747747748,0.02702702702702703,0.23
23,0.4962162162162162,0.0,0.47675675675675677,0.02702702702702703,0.24
24,0.5441441441441441,0.0,0.42882882882882883,0.02702702702702703,0.25
25,0.5899099099099099,0.00036036036036036037,0.38306306306306304,0.02666666666666667,0.26
26,0.6378378378378379,0.00036036036036036037,0.33513513513513515,0.02666666666666667,0.27
27,0.6767567567567567,0.00036036036036036037,0.29621621621621624,0.02666666666666667,0.28
28,0.7145945945945946,0.00036036036036036037,0.2583783783783784,0.02666666666666667,0.29
29,0.752072072072072,0.00036036036036036037,0.2209009009009009,0.02666666666666667,0.3
30,0.7852252252252252,0.00036036036036036037,0.18774774774774775,0.02666666666666667,0.31
31,0.8093693693693693,0.00036036036036036037,0.1636036036036036,0.02666666666666667,0.32
32,0.8320720720720721,0.00036036036036036037,0.1409009009009009,0.02666666666666667,0.33
33,0.8565765765765766,0.00036036036036036037,0.1163963963963964,0.02666666666666667,0.34
34,0.8735135135135135,0.00036036036036036037,0.09945945945945946,0.02666666666666667,0.35
35,0.8897297297297297,0.00036036036036036037,0.08324324324324324,0.02666666666666667,0.36
36,0.903063063063063,0.00036036036036036037,0.0699099099099099,0.02666666666666667,0.37
37,0.9174774774774774,0.0007207207207207207,0.0554954954954955,0.026306306306306305,0.38
38,0.9304504504504505,0.001081081081081081,0.042522522522522525,0.025945945945945945,0.39
39,0.941981981981982,0.0014414414414414415,0.03099099099099099,0.025585585585585584,0.4
40,0.9499099099099099,0.0014414414414414415,0.023063063063063063,0.025585585585585584,0.41
41,0.954954954954955,0.0014414414414414415,0.018018018018018018,0.025585585585585584,0.42
42,0.961081081081081,0.0018018018018018018,0.011891891891891892,0.025225225225225224,0.43
43,0.963963963963964,0.002162162162162162,0.009009009009009009,0.024864864864864864,0.44
44,0.9654054054054054,0.002162162162162162,0.0075675675675675675,0.024864864864864864,0.45
45,0.9664864864864865,0.0025225225225225223,0.006486486486486486,0.024504504504504504,0.46
46,0.969009009009009,0.003243243243243243,0.003963963963963964,0.023783783783783784,0.47
47,0.969009009009009,0.0046846846846846845,0.003963963963963964,0.022342342342342343,0.48
48,0.9693693693693693,0.005405405405405406,0.0036036036036036037,0.021621621621621623,0.49
49,0.9708108108108108,0.006126126126126126,0.002162162162162162,0.020900900900900903,0.5
50,0.9718918918918918,0.0075675675675675675,0.001081081081081081,0.01945945945945946,0.51
51,0.9718918918918918,0.008288288288288289,0.001081081081081081,0.018738738738738738,0.52
52,0.9718918918918918,0.009369369369369369,0.001081081081081081,0.017657657657657658,0.53
53,0.9718918918918918,0.010450450450450451,0.001081081081081081,0.016576576576576577,0.54
54,0.9722522522522522,0.011531531531531532,0.0007207207207207207,0.015495495495495495,0.55
55,0.9722522522522522,0.011891891891891892,0.0007207207207207207,0.015135135135135135,0.56
56,0.9722522522522522,0.013333333333333334,0.0007207207207207207,0.013693693693693694,0.57
57,0.9722522522522522,0.014414414414414415,0.0007207207207207207,0.012612612612612612,0.58
58,0.9726126126126126,0.015135135135135135,0.00036036036036036037,0.011891891891891892,0.59
59,0.972972972972973,0.015495495495495495,0.0,0.011531531531531532,0.6
60,0.972972972972973,0.015855855855855857,0.0,0.011171171171171172,0.61
61,0.972972972972973,0.016936936936936937,0.0,0.01009009009009009,0.62
62,0.972972972972973,0.016936936936936937,0.0,0.01009009009009009,0.63
63,0.972972972972973,0.016936936936936937,0.0,0.01009009009009009,0.64
64,0.972972972972973,0.017297297297297298,0.0,0.00972972972972973,0.65
65,0.972972972972973,0.017657657657657658,0.0,0.009369369369369369,0.66
66,0.972972972972973,0.018738738738738738,0.0,0.008288288288288289,0.67
67,0.972972972972973,0.0190990990990991,0.0,0.007927927927927928,0.68
68,0.972972972972973,0.02018018018018018,0.0,0.006846846846846847,0.69
69,0.972972972972973,0.02054054054054054,0.0,0.006486486486486486,0.7
70,0.972972972972973,0.020900900900900903,0.0,0.006126126126126126,0.71
71,0.972972972972973,0.021261261261261263,0.0,0.005765765765765766,0.72
72,0.972972972972973,0.021981981981981983,0.0,0.005045045045045045,0.73
73,0.972972972972973,0.022342342342342343,0.0,0.0046846846846846845,0.74
74,0.972972972972973,0.023063063063063063,0.0,0.003963963963963964,0.75
75,0.972972972972973,0.023423423423423424,0.0,0.0036036036036036037,0.76
76,0.972972972972973,0.024144144144144144,0.0,0.002882882882882883,0.77
77,0.972972972972973,0.024144144144144144,0.0,0.002882882882882883,0.78
78,0.972972972972973,0.024504504504504504,0.0,0.0025225225225225223,0.79
79,0.972972972972973,0.024504504504504504,0.0,0.0025225225225225223,0.8
80,0.972972972972973,0.024504504504504504,0.0,0.0025225225225225223,0.81
81,0.972972972972973,0.025585585585585584,0.0,0.0014414414414414415,0.82
82,0.972972972972973,0.025945945945945945,0.0,0.001081081081081081,0.83
83,0.972972972972973,0.025945945945945945,0.0,0.001081081081081081,0.84
84,0.972972972972973,0.025945945945945945,0.0,0.001081081081081081,0.85
85,0.972972972972973,0.025945945945945945,0.0,0.001081081081081081,0.86
86,0.972972972972973,0.025945945945945945,0.0,0.001081081081081081,0.87
87,0.972972972972973,0.025945945945945945,0.0,0.001081081081081081,0.88
88,0.972972972972973,0.026306306306306305,0.0,0.0007207207207207207,0.89
89,0.972972972972973,0.026306306306306305,0.0,0.0007207207207207207,0.9
90,0.972972972972973,0.026306306306306305,0.0,0.0007207207207207207,0.91
91,0.972972972972973,0.02666666666666667,0.0,0.00036036036036036037,0.92
92,0.972972972972973,0.02666666666666667,0.0,0.00036036036036036037,0.93
93,0.972972972972973,0.02666666666666667,0.0,0.00036036036036036037,0.94
94,0.972972972972973,0.02666666666666667,0.0,0.00036036036036036037,0.95
95,0.972972972972973,0.02666666666666667,0.0,0.00036036036036036037,0.96
96,0.972972972972973,0.02666666666666667,0.0,0.00036036036036036037,0.97
97,0.972972972972973,0.02666666666666667,0.0,0.00036036036036036037,0.98
98,0.972972972972973,0.02666666666666667,0.0,0.00036036036036036037,0.99
99,0.972972972972973,0.02666666666666667,0.0,0.00036036036036036037,1.0
