,tn,fp,fn,tp,percentage
0,0.00036036036036036037,0.0,0.9726126126126126,0.02702702702702703,0.01
1,0.00036036036036036037,0.0,0.9726126126126126,0.02702702702702703,0.02
2,0.0007207207207207207,0.0,0.9722522522522522,0.02702702702702703,0.03
3,0.002162162162162162,0.0,0.9708108108108108,0.02702702702702703,0.04
4,0.003243243243243243,0.0,0.9697297297297297,0.02702702702702703,0.05
5,0.0046846846846846845,0.0,0.9682882882882883,0.02702702702702703,0.06
6,0.005405405405405406,0.0,0.9675675675675676,0.02702702702702703,0.07
7,0.007207207207207207,0.0,0.9657657657657658,0.02702702702702703,0.08
8,0.013333333333333334,0.0,0.9596396396396396,0.02702702702702703,0.09
9,0.01981981981981982,0.0,0.9531531531531532,0.02702702702702703,0.1
10,0.02738738738738739,0.0,0.9455855855855856,0.02702702702702703,0.11
11,0.03855855855855856,0.0,0.9344144144144144,0.02702702702702703,0.12
12,0.056576576576576575,0.0,0.9163963963963964,0.02702702702702703,0.13
13,0.09693693693693693,0.0,0.8760360360360361,0.02702702702702703,0.14
14,0.11855855855855855,0.0,0.8544144144144145,0.02702702702702703,0.15
15,0.1553153153153153,0.0,0.8176576576576576,0.02702702702702703,0.16
16,0.1935135135135135,0.0,0.7794594594594595,0.02702702702702703,0.17
17,0.23675675675675675,0.0,0.7362162162162162,0.02702702702702703,0.18
18,0.28,0.0,0.692972972972973,0.02702702702702703,0.19
19,0.3293693693693694,0.0,0.6436036036036036,0.02702702702702703,0.2
20,0.37261261261261264,0.0,0.6003603603603603,0.02702702702702703,0.21
21,0.4320720720720721,0.0,0.5409009009009009,0.02702702702702703,0.22
22,0.4915315315315315,0.0,0.48144144144144146,0.02702702702702703,0.23
23,0.5416216216216216,0.00036036036036036037,0.43135135135135133,0.02666666666666667,0.24
24,0.5416216216216216,0.00036036036036036037,0.43135135135135133,0.02666666666666667,0.25
25,0.5927927927927928,0.00036036036036036037,0.3801801801801802,0.02666666666666667,0.26
26,0.64,0.00036036036036036037,0.33297297297297296,0.02666666666666667,0.27
27,0.6854054054054054,0.00036036036036036037,0.2875675675675676,0.02666666666666667,0.28
28,0.7340540540540541,0.00036036036036036037,0.23891891891891892,0.02666666666666667,0.29
29,0.7654054054054054,0.00036036036036036037,0.20756756756756756,0.02666666666666667,0.3
30,0.8,0.00036036036036036037,0.17297297297297298,0.02666666666666667,0.31
31,0.8248648648648649,0.00036036036036036037,0.14810810810810812,0.02666666666666667,0.32
32,0.8663063063063063,0.00036036036036036037,0.10666666666666667,0.02666666666666667,0.33
33,0.8872072072072072,0.00036036036036036037,0.08576576576576576,0.02666666666666667,0.34
34,0.9034234234234234,0.0007207207207207207,0.06954954954954955,0.026306306306306305,0.35
35,0.9178378378378378,0.001081081081081081,0.055135135135135134,0.025945945945945945,0.36
36,0.9178378378378378,0.001081081081081081,0.055135135135135134,0.025945945945945945,0.37
37,0.9304504504504505,0.001081081081081081,0.042522522522522525,0.025945945945945945,0.38
38,0.9427027027027027,0.001081081081081081,0.03027027027027027,0.025945945945945945,0.39
39,0.9509909909909909,0.0014414414414414415,0.021981981981981983,0.025585585585585584,0.4
40,0.9578378378378378,0.0018018018018018018,0.015135135135135135,0.025225225225225224,0.41
41,0.9625225225225226,0.0018018018018018018,0.010450450450450451,0.025225225225225224,0.42
42,0.9650450450450451,0.002162162162162162,0.007927927927927928,0.024864864864864864,0.43
43,0.9668468468468469,0.0025225225225225223,0.006126126126126126,0.024504504504504504,0.44
44,0.969009009009009,0.003963963963963964,0.003963963963963964,0.023063063063063063,0.45
45,0.9697297297297297,0.005045045045045045,0.003243243243243243,0.021981981981981983,0.46
46,0.9715315315315315,0.005765765765765766,0.0014414414414414415,0.021261261261261263,0.47
47,0.9715315315315315,0.006486486486486486,0.0014414414414414415,0.02054054054054054,0.48
48,0.9715315315315315,0.006486486486486486,0.0014414414414414415,0.02054054054054054,0.49
49,0.9718918918918918,0.006846846846846847,0.001081081081081081,0.02018018018018018,0.5
50,0.9718918918918918,0.008288288288288289,0.001081081081081081,0.018738738738738738,0.51
51,0.9718918918918918,0.01009009009009009,0.001081081081081081,0.016936936936936937,0.52
52,0.9718918918918918,0.010450450450450451,0.001081081081081081,0.016576576576576577,0.53
53,0.9722522522522522,0.010810810810810811,0.0007207207207207207,0.016216216216216217,0.54
54,0.9722522522522522,0.012612612612612612,0.0007207207207207207,0.014414414414414415,0.55
55,0.9722522522522522,0.013333333333333334,0.0007207207207207207,0.013693693693693694,0.56
56,0.9722522522522522,0.015135135135135135,0.0007207207207207207,0.011891891891891892,0.57
57,0.972972972972973,0.016216216216216217,0.0,0.010810810810810811,0.58
58,0.972972972972973,0.016216216216216217,0.0,0.010810810810810811,0.59
59,0.972972972972973,0.016216216216216217,0.0,0.010810810810810811,0.6
60,0.972972972972973,0.016576576576576577,0.0,0.010450450450450451,0.61
61,0.972972972972973,0.017297297297297298,0.0,0.00972972972972973,0.62
62,0.972972972972973,0.017657657657657658,0.0,0.009369369369369369,0.63
63,0.972972972972973,0.018378378378378378,0.0,0.008648648648648649,0.64
64,0.972972972972973,0.018738738738738738,0.0,0.008288288288288289,0.65
65,0.972972972972973,0.01945945945945946,0.0,0.0075675675675675675,0.66
66,0.972972972972973,0.02018018018018018,0.0,0.006846846846846847,0.67
67,0.972972972972973,0.02054054054054054,0.0,0.006486486486486486,0.68
68,0.972972972972973,0.02054054054054054,0.0,0.006486486486486486,0.69
69,0.972972972972973,0.021621621621621623,0.0,0.005405405405405406,0.7
70,0.972972972972973,0.022342342342342343,0.0,0.0046846846846846845,0.71
71,0.972972972972973,0.022342342342342343,0.0,0.0046846846846846845,0.72
72,0.972972972972973,0.023423423423423424,0.0,0.0036036036036036037,0.73
73,0.972972972972973,0.023783783783783784,0.0,0.003243243243243243,0.74
74,0.972972972972973,0.024144144144144144,0.0,0.002882882882882883,0.75
75,0.972972972972973,0.024504504504504504,0.0,0.0025225225225225223,0.76
76,0.972972972972973,0.024504504504504504,0.0,0.0025225225225225223,0.77
77,0.972972972972973,0.024864864864864864,0.0,0.002162162162162162,0.78
78,0.972972972972973,0.024864864864864864,0.0,0.002162162162162162,0.79
79,0.972972972972973,0.025225225225225224,0.0,0.0018018018018018018,0.8
80,0.972972972972973,0.025585585585585584,0.0,0.0014414414414414415,0.81
81,0.972972972972973,0.025585585585585584,0.0,0.0014414414414414415,0.82
82,0.972972972972973,0.025945945945945945,0.0,0.001081081081081081,0.83
83,0.972972972972973,0.025945945945945945,0.0,0.001081081081081081,0.84
84,0.972972972972973,0.025945945945945945,0.0,0.001081081081081081,0.85
85,0.972972972972973,0.025945945945945945,0.0,0.001081081081081081,0.86
86,0.972972972972973,0.026306306306306305,0.0,0.0007207207207207207,0.87
87,0.972972972972973,0.026306306306306305,0.0,0.0007207207207207207,0.88
88,0.972972972972973,0.026306306306306305,0.0,0.0007207207207207207,0.89
89,0.972972972972973,0.026306306306306305,0.0,0.0007207207207207207,0.9
90,0.972972972972973,0.02666666666666667,0.0,0.00036036036036036037,0.91
91,0.972972972972973,0.02666666666666667,0.0,0.00036036036036036037,0.92
92,0.972972972972973,0.02666666666666667,0.0,0.00036036036036036037,0.93
93,0.972972972972973,0.02666666666666667,0.0,0.00036036036036036037,0.94
94,0.972972972972973,0.02666666666666667,0.0,0.00036036036036036037,0.95
95,0.972972972972973,0.02666666666666667,0.0,0.00036036036036036037,0.96
96,0.972972972972973,0.02666666666666667,0.0,0.00036036036036036037,0.97
97,0.972972972972973,0.02666666666666667,0.0,0.00036036036036036037,0.98
98,0.972972972972973,0.02666666666666667,0.0,0.00036036036036036037,0.99
99,0.972972972972973,0.02666666666666667,0.0,0.00036036036036036037,1.0
