,tn,fp,fn,tp,percentage
0,0.0007207207207207207,0.0,0.9722522522522522,0.02702702702702703,0.01
1,0.001081081081081081,0.0,0.9718918918918918,0.02702702702702703,0.02
2,0.002882882882882883,0.0,0.9700900900900901,0.02702702702702703,0.03
3,0.004324324324324324,0.0,0.9686486486486486,0.02702702702702703,0.04
4,0.005765765765765766,0.0,0.9672072072072072,0.02702702702702703,0.05
5,0.007207207207207207,0.0,0.9657657657657658,0.02702702702702703,0.06
6,0.013333333333333334,0.0,0.9596396396396396,0.02702702702702703,0.07
7,0.0190990990990991,0.0,0.9538738738738739,0.02702702702702703,0.08
8,0.02846846846846847,0.0,0.9445045045045045,0.02702702702702703,0.09
9,0.04216216216216216,0.0,0.9308108108108109,0.02702702702702703,0.1
10,0.06126126126126126,0.0,0.9117117117117117,0.02702702702702703,0.11
11,0.08072072072072072,0.0,0.8922522522522522,0.02702702702702703,0.12
12,0.10270270270270271,0.0,0.8702702702702703,0.02702702702702703,0.13
13,0.1344144144144144,0.0,0.8385585585585585,0.02702702702702703,0.14
14,0.17477477477477477,0.0,0.7981981981981981,0.02702702702702703,0.15
15,0.21657657657657658,0.0,0.7563963963963964,0.02702702702702703,0.16
16,0.2623423423423423,0.0,0.7106306306306306,0.02702702702702703,0.17
17,0.3138738738738739,0.0,0.6590990990990991,0.02702702702702703,0.18
18,0.3636036036036036,0.0,0.6093693693693694,0.02702702702702703,0.19
19,0.4252252252252252,0.0,0.5477477477477477,0.02702702702702703,0.2
20,0.4252252252252252,0.0,0.5477477477477477,0.02702702702702703,0.21
21,0.4846846846846847,0.0,0.4882882882882883,0.02702702702702703,0.22
22,0.5390990990990991,0.00036036036036036037,0.4338738738738739,0.02666666666666667,0.23
23,0.5956756756756757,0.00036036036036036037,0.3772972972972973,0.02666666666666667,0.24
24,0.649009009009009,0.00036036036036036037,0.323963963963964,0.02666666666666667,0.25
25,0.6976576576576576,0.00036036036036036037,0.27531531531531533,0.02666666666666667,0.26
26,0.7394594594594595,0.00036036036036036037,0.23351351351351352,0.02666666666666667,0.27
27,0.7783783783783784,0.00036036036036036037,0.1945945945945946,0.02666666666666667,0.28
28,0.8144144144144144,0.00036036036036036037,0.15855855855855855,0.02666666666666667,0.29
29,0.8385585585585585,0.00036036036036036037,0.1344144144144144,0.02666666666666667,0.3
30,0.858018018018018,0.00036036036036036037,0.11495495495495496,0.02666666666666667,0.31
31,0.8825225225225225,0.00036036036036036037,0.09045045045045046,0.02666666666666667,0.32
32,0.9005405405405406,0.0007207207207207207,0.07243243243243243,0.026306306306306305,0.33
33,0.9163963963963964,0.001081081081081081,0.056576576576576575,0.025945945945945945,0.34
34,0.9268468468468468,0.001081081081081081,0.04612612612612613,0.025945945945945945,0.35
35,0.9401801801801801,0.0014414414414414415,0.03279279279279279,0.025585585585585584,0.36
36,0.9502702702702702,0.0014414414414414415,0.022702702702702703,0.025585585585585584,0.37
37,0.9571171171171171,0.0014414414414414415,0.015855855855855857,0.025585585585585584,0.38
38,0.9614414414414414,0.0018018018018018018,0.011531531531531532,0.025225225225225224,0.39
39,0.9614414414414414,0.0018018018018018018,0.011531531531531532,0.025225225225225224,0.4
40,0.9654054054054054,0.002162162162162162,0.0075675675675675675,0.024864864864864864,0.41
41,0.9661261261261261,0.0025225225225225223,0.006846846846846847,0.024504504504504504,0.42
42,0.9675675675675676,0.002882882882882883,0.005405405405405406,0.024144144144144144,0.43
43,0.9693693693693693,0.003963963963963964,0.0036036036036036037,0.023063063063063063,0.44
44,0.9711711711711711,0.004324324324324324,0.0018018018018018018,0.022702702702702703,0.45
45,0.9711711711711711,0.005765765765765766,0.0018018018018018018,0.021261261261261263,0.46
46,0.9718918918918918,0.006486486486486486,0.001081081081081081,0.02054054054054054,0.47
47,0.9718918918918918,0.008288288288288289,0.001081081081081081,0.018738738738738738,0.48
48,0.9718918918918918,0.01009009009009009,0.001081081081081081,0.016936936936936937,0.49
49,0.9718918918918918,0.010810810810810811,0.001081081081081081,0.016216216216216217,0.5
50,0.9718918918918918,0.010810810810810811,0.001081081081081081,0.016216216216216217,0.51
51,0.9722522522522522,0.011891891891891892,0.0007207207207207207,0.015135135135135135,0.52
52,0.9722522522522522,0.012972972972972972,0.0007207207207207207,0.014054054054054054,0.53
53,0.9726126126126126,0.014054054054054054,0.00036036036036036037,0.012972972972972972,0.54
54,0.9726126126126126,0.015135135135135135,0.00036036036036036037,0.011891891891891892,0.55
55,0.9726126126126126,0.015855855855855857,0.00036036036036036037,0.011171171171171172,0.56
56,0.972972972972973,0.016216216216216217,0.0,0.010810810810810811,0.57
57,0.972972972972973,0.016576576576576577,0.0,0.010450450450450451,0.58
58,0.972972972972973,0.017297297297297298,0.0,0.00972972972972973,0.59
59,0.972972972972973,0.017297297297297298,0.0,0.00972972972972973,0.6
60,0.972972972972973,0.017657657657657658,0.0,0.009369369369369369,0.61
61,0.972972972972973,0.018018018018018018,0.0,0.009009009009009009,0.62
62,0.972972972972973,0.018378378378378378,0.0,0.008648648648648649,0.63
63,0.972972972972973,0.0190990990990991,0.0,0.007927927927927928,0.64
64,0.972972972972973,0.01981981981981982,0.0,0.007207207207207207,0.65
65,0.972972972972973,0.02018018018018018,0.0,0.006846846846846847,0.66
66,0.972972972972973,0.020900900900900903,0.0,0.006126126126126126,0.67
67,0.972972972972973,0.021621621621621623,0.0,0.005405405405405406,0.68
68,0.972972972972973,0.022702702702702703,0.0,0.004324324324324324,0.69
69,0.972972972972973,0.023423423423423424,0.0,0.0036036036036036037,0.7
70,0.972972972972973,0.023783783783783784,0.0,0.003243243243243243,0.71
71,0.972972972972973,0.024144144144144144,0.0,0.002882882882882883,0.72
72,0.972972972972973,0.024144144144144144,0.0,0.002882882882882883,0.73
73,0.972972972972973,0.024504504504504504,0.0,0.0025225225225225223,0.74
74,0.972972972972973,0.024504504504504504,0.0,0.0025225225225225223,0.75
75,0.972972972972973,0.025225225225225224,0.0,0.0018018018018018018,0.76
76,0.972972972972973,0.025225225225225224,0.0,0.0018018018018018018,0.77
77,0.972972972972973,0.025585585585585584,0.0,0.0014414414414414415,0.78
78,0.972972972972973,0.025585585585585584,0.0,0.0014414414414414415,0.79
79,0.972972972972973,0.025585585585585584,0.0,0.0014414414414414415,0.8
80,0.972972972972973,0.025585585585585584,0.0,0.0014414414414414415,0.81
81,0.972972972972973,0.025585585585585584,0.0,0.0014414414414414415,0.82
82,0.972972972972973,0.025945945945945945,0.0,0.001081081081081081,0.83
83,0.972972972972973,0.025945945945945945,0.0,0.001081081081081081,0.84
84,0.972972972972973,0.025945945945945945,0.0,0.001081081081081081,0.85
85,0.972972972972973,0.025945945945945945,0.0,0.001081081081081081,0.86
86,0.972972972972973,0.026306306306306305,0.0,0.0007207207207207207,0.87
87,0.972972972972973,0.026306306306306305,0.0,0.0007207207207207207,0.88
88,0.972972972972973,0.026306306306306305,0.0,0.0007207207207207207,0.89
89,0.972972972972973,0.02666666666666667,0.0,0.00036036036036036037,0.9
90,0.972972972972973,0.02666666666666667,0.0,0.00036036036036036037,0.91
91,0.972972972972973,0.02666666666666667,0.0,0.00036036036036036037,0.92
92,0.972972972972973,0.02666666666666667,0.0,0.00036036036036036037,0.93
93,0.972972972972973,0.02666666666666667,0.0,0.00036036036036036037,0.94
94,0.972972972972973,0.02666666666666667,0.0,0.00036036036036036037,0.95
95,0.972972972972973,0.02666666666666667,0.0,0.00036036036036036037,0.96
96,0.972972972972973,0.02666666666666667,0.0,0.00036036036036036037,0.97
97,0.972972972972973,0.02666666666666667,0.0,0.00036036036036036037,0.98
98,0.972972972972973,0.02666666666666667,0.0,0.00036036036036036037,0.99
99,0.972972972972973,0.02666666666666667,0.0,0.00036036036036036037,1.0
