,tn,fp,fn,tp,percentage
0,0.0007207207207207207,0.0,0.9722522522522522,0.02702702702702703,0.01
1,0.0014414414414414415,0.0,0.9715315315315315,0.02702702702702703,0.02
2,0.0014414414414414415,0.0,0.9715315315315315,0.02702702702702703,0.03
3,0.002162162162162162,0.0,0.9708108108108108,0.02702702702702703,0.04
4,0.003963963963963964,0.0,0.969009009009009,0.02702702702702703,0.05
5,0.003963963963963964,0.0,0.969009009009009,0.02702702702702703,0.06
6,0.004324324324324324,0.0,0.9686486486486486,0.02702702702702703,0.07
7,0.005765765765765766,0.0,0.9672072072072072,0.02702702702702703,0.08
8,0.007207207207207207,0.0,0.9657657657657658,0.02702702702702703,0.09
9,0.009369369369369369,0.0,0.9636036036036036,0.02702702702702703,0.1
10,0.011531531531531532,0.0,0.9614414414414414,0.02702702702702703,0.11
11,0.0190990990990991,0.0,0.9538738738738739,0.02702702702702703,0.12
12,0.022342342342342343,0.0,0.9506306306306306,0.02702702702702703,0.13
13,0.026306306306306305,0.0,0.9466666666666667,0.02702702702702703,0.14
14,0.03207207207207207,0.0,0.940900900900901,0.02702702702702703,0.15
15,0.05261261261261261,0.0,0.9203603603603604,0.02702702702702703,0.16
16,0.06342342342342343,0.0,0.9095495495495496,0.02702702702702703,0.17
17,0.07747747747747748,0.0,0.8954954954954955,0.02702702702702703,0.18
18,0.08576576576576576,0.0,0.8872072072072072,0.02702702702702703,0.19
19,0.10162162162162162,0.0,0.8713513513513513,0.02702702702702703,0.2
20,0.13297297297297297,0.0,0.84,0.02702702702702703,0.21
21,0.15027027027027026,0.0,0.8227027027027027,0.02702702702702703,0.22
22,0.16936936936936936,0.0,0.8036036036036036,0.02702702702702703,0.23
23,0.19567567567567568,0.0,0.7772972972972974,0.02702702702702703,0.24
24,0.23855855855855856,0.0,0.7344144144144145,0.02702702702702703,0.25
25,0.25873873873873876,0.0,0.7142342342342343,0.02702702702702703,0.26
26,0.2882882882882883,0.0,0.6846846846846847,0.02702702702702703,0.27
27,0.3491891891891892,0.0,0.6237837837837837,0.02702702702702703,0.28
28,0.37657657657657656,0.0,0.5963963963963964,0.02702702702702703,0.29
29,0.409009009009009,0.0,0.563963963963964,0.02702702702702703,0.3
30,0.44,0.0,0.532972972972973,0.02702702702702703,0.31
31,0.4936936936936937,0.00036036036036036037,0.47927927927927927,0.02666666666666667,0.32
32,0.5297297297297298,0.00036036036036036037,0.44324324324324327,0.02666666666666667,0.33
33,0.5614414414414415,0.00036036036036036037,0.41153153153153155,0.02666666666666667,0.34
34,0.5938738738738739,0.00036036036036036037,0.3790990990990991,0.02666666666666667,0.35
35,0.6497297297297298,0.00036036036036036037,0.3232432432432432,0.02666666666666667,0.36
36,0.6724324324324324,0.00036036036036036037,0.3005405405405405,0.02666666666666667,0.37
37,0.698018018018018,0.00036036036036036037,0.274954954954955,0.02666666666666667,0.38
38,0.7225225225225225,0.00036036036036036037,0.25045045045045045,0.02666666666666667,0.39
39,0.7664864864864865,0.00036036036036036037,0.2064864864864865,0.02666666666666667,0.4
40,0.7855855855855856,0.00036036036036036037,0.1873873873873874,0.02666666666666667,0.41
41,0.8018018018018018,0.00036036036036036037,0.17117117117117117,0.02666666666666667,0.42
42,0.8144144144144144,0.00036036036036036037,0.15855855855855855,0.02666666666666667,0.43
43,0.8432432432432433,0.00036036036036036037,0.12972972972972974,0.02666666666666667,0.44
44,0.8590990990990991,0.00036036036036036037,0.11387387387387388,0.02666666666666667,0.45
45,0.8760360360360361,0.00036036036036036037,0.09693693693693693,0.02666666666666667,0.46
46,0.8882882882882883,0.00036036036036036037,0.08468468468468468,0.02666666666666667,0.47
47,0.9048648648648648,0.00036036036036036037,0.0681081081081081,0.02666666666666667,0.48
48,0.9153153153153153,0.0007207207207207207,0.05765765765765766,0.026306306306306305,0.49
49,0.9232432432432433,0.0007207207207207207,0.04972972972972973,0.026306306306306305,0.5
50,0.929009009009009,0.0007207207207207207,0.043963963963963966,0.026306306306306305,0.51
51,0.9412612612612613,0.0014414414414414415,0.031711711711711714,0.025585585585585584,0.52
52,0.9459459459459459,0.0018018018018018018,0.02702702702702703,0.025225225225225224,0.53
53,0.9488288288288288,0.002162162162162162,0.024144144144144144,0.024864864864864864,0.54
54,0.9545945945945946,0.0025225225225225223,0.018378378378378378,0.024504504504504504,0.55
55,0.9621621621621622,0.003963963963963964,0.010810810810810811,0.023063063063063063,0.56
56,0.9646846846846847,0.005045045045045045,0.008288288288288289,0.021981981981981983,0.57
57,0.9672072072072072,0.005045045045045045,0.005765765765765766,0.021981981981981983,0.58
58,0.9679279279279279,0.005765765765765766,0.005045045045045045,0.021261261261261263,0.59
59,0.9693693693693693,0.005765765765765766,0.0036036036036036037,0.021261261261261263,0.6
60,0.9704504504504504,0.006846846846846847,0.0025225225225225223,0.02018018018018018,0.61
61,0.9708108108108108,0.006846846846846847,0.002162162162162162,0.02018018018018018,0.62
62,0.9708108108108108,0.007207207207207207,0.002162162162162162,0.01981981981981982,0.63
63,0.9708108108108108,0.007927927927927928,0.002162162162162162,0.0190990990990991,0.64
64,0.9711711711711711,0.008288288288288289,0.0018018018018018018,0.018738738738738738,0.65
65,0.9715315315315315,0.009009009009009009,0.0014414414414414415,0.018018018018018018,0.66
66,0.9715315315315315,0.01009009009009009,0.0014414414414414415,0.016936936936936937,0.67
67,0.9726126126126126,0.010450450450450451,0.00036036036036036037,0.016576576576576577,0.68
68,0.9726126126126126,0.011531531531531532,0.00036036036036036037,0.015495495495495495,0.69
69,0.9726126126126126,0.012252252252252252,0.00036036036036036037,0.014774774774774775,0.7
70,0.972972972972973,0.012252252252252252,0.0,0.014774774774774775,0.71
71,0.972972972972973,0.012972972972972972,0.0,0.014054054054054054,0.72
72,0.972972972972973,0.015135135135135135,0.0,0.011891891891891892,0.73
73,0.972972972972973,0.015495495495495495,0.0,0.011531531531531532,0.74
74,0.972972972972973,0.016576576576576577,0.0,0.010450450450450451,0.75
75,0.972972972972973,0.016936936936936937,0.0,0.01009009009009009,0.76
76,0.972972972972973,0.018018018018018018,0.0,0.009009009009009009,0.77
77,0.972972972972973,0.018378378378378378,0.0,0.008648648648648649,0.78
78,0.972972972972973,0.018378378378378378,0.0,0.008648648648648649,0.79
79,0.972972972972973,0.0190990990990991,0.0,0.007927927927927928,0.8
80,0.972972972972973,0.01981981981981982,0.0,0.007207207207207207,0.81
81,0.972972972972973,0.02018018018018018,0.0,0.006846846846846847,0.82
82,0.972972972972973,0.02018018018018018,0.0,0.006846846846846847,0.83
83,0.972972972972973,0.021621621621621623,0.0,0.005405405405405406,0.84
84,0.972972972972973,0.021981981981981983,0.0,0.005045045045045045,0.85
85,0.972972972972973,0.022702702702702703,0.0,0.004324324324324324,0.86
86,0.972972972972973,0.023063063063063063,0.0,0.003963963963963964,0.87
87,0.972972972972973,0.023423423423423424,0.0,0.0036036036036036037,0.88
88,0.972972972972973,0.023783783783783784,0.0,0.003243243243243243,0.89
89,0.972972972972973,0.024504504504504504,0.0,0.0025225225225225223,0.9
90,0.972972972972973,0.024504504504504504,0.0,0.0025225225225225223,0.91
91,0.972972972972973,0.025585585585585584,0.0,0.0014414414414414415,0.92
92,0.972972972972973,0.025945945945945945,0.0,0.001081081081081081,0.93
93,0.972972972972973,0.025945945945945945,0.0,0.001081081081081081,0.94
94,0.972972972972973,0.025945945945945945,0.0,0.001081081081081081,0.95
95,0.972972972972973,0.025945945945945945,0.0,0.001081081081081081,0.96
96,0.972972972972973,0.026306306306306305,0.0,0.0007207207207207207,0.97
97,0.972972972972973,0.026306306306306305,0.0,0.0007207207207207207,0.98
98,0.972972972972973,0.026306306306306305,0.0,0.0007207207207207207,0.99
99,0.972972972972973,0.02666666666666667,0.0,0.00036036036036036037,1.0
