,tn,fp,fn,tp,percentage
0,0.00036036036036036037,0.0,0.9726126126126126,0.02702702702702703,0.01
1,0.00036036036036036037,0.0,0.9726126126126126,0.02702702702702703,0.02
2,0.00036036036036036037,0.0,0.9726126126126126,0.02702702702702703,0.03
3,0.0014414414414414415,0.0,0.9715315315315315,0.02702702702702703,0.04
4,0.002882882882882883,0.0,0.9700900900900901,0.02702702702702703,0.05
5,0.003963963963963964,0.0,0.969009009009009,0.02702702702702703,0.06
6,0.005405405405405406,0.0,0.9675675675675676,0.02702702702702703,0.07
7,0.008648648648648649,0.0,0.9643243243243244,0.02702702702702703,0.08
8,0.01009009009009009,0.0,0.9628828828828829,0.02702702702702703,0.09
9,0.014054054054054054,0.0,0.9589189189189189,0.02702702702702703,0.1
10,0.016936936936936937,0.0,0.956036036036036,0.02702702702702703,0.11
11,0.025225225225225224,0.0,0.9477477477477477,0.02702702702702703,0.12
12,0.031711711711711714,0.0,0.9412612612612613,0.02702702702702703,0.13
13,0.03567567567567568,0.0,0.9372972972972973,0.02702702702702703,0.14
14,0.04612612612612613,0.0,0.9268468468468468,0.02702702702702703,0.15
15,0.05117117117117117,0.0,0.9218018018018018,0.02702702702702703,0.16
16,0.06414414414414414,0.0,0.9088288288288289,0.02702702702702703,0.17
17,0.07315315315315316,0.0,0.8998198198198198,0.02702702702702703,0.18
18,0.08648648648648649,0.0,0.8864864864864865,0.02702702702702703,0.19
19,0.0936936936936937,0.0,0.8792792792792793,0.02702702702702703,0.2
20,0.10918918918918918,0.0,0.8637837837837837,0.02702702702702703,0.21
21,0.11891891891891893,0.0,0.8540540540540541,0.02702702702702703,0.22
22,0.14198198198198198,0.0,0.8309909909909909,0.02702702702702703,0.23
23,0.1499099099099099,0.0,0.8230630630630631,0.02702702702702703,0.24
24,0.17657657657657658,0.0,0.7963963963963964,0.02702702702702703,0.25
25,0.20252252252252254,0.0,0.7704504504504505,0.02702702702702703,0.26
26,0.2154954954954955,0.0,0.7574774774774775,0.02702702702702703,0.27
27,0.2418018018018018,0.0,0.7311711711711711,0.02702702702702703,0.28
28,0.25765765765765763,0.0,0.7153153153153153,0.02702702702702703,0.29
29,0.2857657657657658,0.0,0.6872072072072072,0.02702702702702703,0.3
30,0.3009009009009009,0.0,0.6720720720720721,0.02702702702702703,0.31
31,0.33369369369369367,0.0,0.6392792792792793,0.02702702702702703,0.32
32,0.35135135135135137,0.0,0.6216216216216216,0.02702702702702703,0.33
33,0.3823423423423423,0.0,0.5906306306306306,0.02702702702702703,0.34
34,0.40144144144144145,0.0,0.5715315315315316,0.02702702702702703,0.35
35,0.4338738738738739,0.0,0.5390990990990991,0.02702702702702703,0.36
36,0.4515315315315315,0.0,0.5214414414414414,0.02702702702702703,0.37
37,0.48396396396396396,0.00036036036036036037,0.489009009009009,0.02666666666666667,0.38
38,0.5138738738738738,0.00036036036036036037,0.4590990990990991,0.02666666666666667,0.39
39,0.5282882882882883,0.0007207207207207207,0.4446846846846847,0.026306306306306305,0.4
40,0.5607207207207208,0.0007207207207207207,0.41225225225225226,0.026306306306306305,0.41
41,0.5751351351351351,0.0007207207207207207,0.3978378378378378,0.026306306306306305,0.42
42,0.6025225225225225,0.0007207207207207207,0.37045045045045044,0.026306306306306305,0.43
43,0.6205405405405405,0.0007207207207207207,0.35243243243243244,0.026306306306306305,0.44
44,0.6482882882882883,0.001081081081081081,0.3246846846846847,0.025945945945945945,0.45
45,0.6641441441441441,0.001081081081081081,0.30882882882882884,0.025945945945945945,0.46
46,0.6922522522522523,0.001081081081081081,0.28072072072072074,0.025945945945945945,0.47
47,0.7091891891891892,0.0014414414414414415,0.2637837837837838,0.025585585585585584,0.48
48,0.7333333333333333,0.002162162162162162,0.23963963963963963,0.024864864864864864,0.49
49,0.7488288288288288,0.002162162162162162,0.22414414414414413,0.024864864864864864,0.5
50,0.7776576576576577,0.0025225225225225223,0.19531531531531532,0.024504504504504504,0.51
51,0.8057657657657658,0.0025225225225225223,0.16720720720720722,0.024504504504504504,0.52
52,0.8140540540540541,0.0025225225225225223,0.1589189189189189,0.024504504504504504,0.53
53,0.8331531531531532,0.0025225225225225223,0.1398198198198198,0.024504504504504504,0.54
54,0.8414414414414414,0.0025225225225225223,0.13153153153153152,0.024504504504504504,0.55
55,0.8598198198198198,0.0025225225225225223,0.11315315315315315,0.024504504504504504,0.56
56,0.8673873873873874,0.003243243243243243,0.10558558558558559,0.023783783783783784,0.57
57,0.8818018018018018,0.0036036036036036037,0.09117117117117117,0.023423423423423424,0.58
58,0.8900900900900901,0.0036036036036036037,0.08288288288288288,0.023423423423423424,0.59
59,0.901981981981982,0.004324324324324324,0.07099099099099099,0.022702702702702703,0.6
60,0.9106306306306307,0.005045045045045045,0.062342342342342344,0.021981981981981983,0.61
61,0.9185585585585586,0.005765765765765766,0.054414414414414414,0.021261261261261263,0.62
62,0.9311711711711712,0.005765765765765766,0.041801801801801805,0.021261261261261263,0.63
63,0.9358558558558558,0.006126126126126126,0.03711711711711712,0.020900900900900903,0.64
64,0.9437837837837838,0.0075675675675675675,0.02918918918918919,0.01945945945945946,0.65
65,0.9466666666666667,0.007927927927927928,0.026306306306306305,0.0190990990990991,0.66
66,0.9520720720720721,0.008648648648648649,0.020900900900900903,0.018378378378378378,0.67
67,0.956036036036036,0.009009009009009009,0.016936936936936937,0.018018018018018018,0.68
68,0.961081081081081,0.00972972972972973,0.011891891891891892,0.017297297297297298,0.69
69,0.9628828828828829,0.01009009009009009,0.01009009009009009,0.016936936936936937,0.7
70,0.9657657657657658,0.010810810810810811,0.007207207207207207,0.016216216216216217,0.71
71,0.9668468468468469,0.010810810810810811,0.006126126126126126,0.016216216216216217,0.72
72,0.9682882882882883,0.011891891891891892,0.0046846846846846845,0.015135135135135135,0.73
73,0.969009009009009,0.012252252252252252,0.003963963963963964,0.014774774774774775,0.74
74,0.9700900900900901,0.012252252252252252,0.002882882882882883,0.014774774774774775,0.75
75,0.9700900900900901,0.013693693693693694,0.002882882882882883,0.013333333333333334,0.76
76,0.9708108108108108,0.014054054054054054,0.002162162162162162,0.012972972972972972,0.77
77,0.9711711711711711,0.014414414414414415,0.0018018018018018018,0.012612612612612612,0.78
78,0.9711711711711711,0.014774774774774775,0.0018018018018018018,0.012252252252252252,0.79
79,0.9715315315315315,0.015855855855855857,0.0014414414414414415,0.011171171171171172,0.8
80,0.9718918918918918,0.015855855855855857,0.001081081081081081,0.011171171171171172,0.81
81,0.9718918918918918,0.016576576576576577,0.001081081081081081,0.010450450450450451,0.82
82,0.9718918918918918,0.016576576576576577,0.001081081081081081,0.010450450450450451,0.83
83,0.9722522522522522,0.017297297297297298,0.0007207207207207207,0.00972972972972973,0.84
84,0.9726126126126126,0.018018018018018018,0.00036036036036036037,0.009009009009009009,0.85
85,0.972972972972973,0.018738738738738738,0.0,0.008288288288288289,0.86
86,0.972972972972973,0.01945945945945946,0.0,0.0075675675675675675,0.87
87,0.972972972972973,0.021621621621621623,0.0,0.005405405405405406,0.88
88,0.972972972972973,0.022342342342342343,0.0,0.0046846846846846845,0.89
89,0.972972972972973,0.022702702702702703,0.0,0.004324324324324324,0.9
90,0.972972972972973,0.023423423423423424,0.0,0.0036036036036036037,0.91
91,0.972972972972973,0.024144144144144144,0.0,0.002882882882882883,0.92
92,0.972972972972973,0.024504504504504504,0.0,0.0025225225225225223,0.93
93,0.972972972972973,0.024504504504504504,0.0,0.0025225225225225223,0.94
94,0.972972972972973,0.025225225225225224,0.0,0.0018018018018018018,0.95
95,0.972972972972973,0.025225225225225224,0.0,0.0018018018018018018,0.96
96,0.972972972972973,0.025945945945945945,0.0,0.001081081081081081,0.97
97,0.972972972972973,0.025945945945945945,0.0,0.001081081081081081,0.98
98,0.972972972972973,0.026306306306306305,0.0,0.0007207207207207207,0.99
99,0.972972972972973,0.02666666666666667,0.0,0.00036036036036036037,1.0
