,tn,fp,fn,tp,percentage
0,0.00036036036036036037,0.0,0.9726126126126126,0.02702702702702703,0.01
1,0.00036036036036036037,0.0,0.9726126126126126,0.02702702702702703,0.02
2,0.0007207207207207207,0.0,0.9722522522522522,0.02702702702702703,0.03
3,0.002882882882882883,0.0,0.9700900900900901,0.02702702702702703,0.04
4,0.003963963963963964,0.0,0.969009009009009,0.02702702702702703,0.05
5,0.006126126126126126,0.0,0.9668468468468469,0.02702702702702703,0.06
6,0.009009009009009009,0.0,0.963963963963964,0.02702702702702703,0.07
7,0.015495495495495495,0.0,0.9574774774774775,0.02702702702702703,0.08
8,0.022342342342342343,0.0,0.9506306306306306,0.02702702702702703,0.09
9,0.03351351351351351,0.0,0.9394594594594594,0.02702702702702703,0.1
10,0.05081081081081081,0.0,0.9221621621621622,0.02702702702702703,0.11
11,0.07099099099099099,0.0,0.901981981981982,0.02702702702702703,0.12
12,0.08900900900900902,0.0,0.8839639639639639,0.02702702702702703,0.13
13,0.11675675675675676,0.0,0.8562162162162162,0.02702702702702703,0.14
14,0.15747747747747748,0.0,0.8154954954954955,0.02702702702702703,0.15
15,0.20072072072072072,0.0,0.7722522522522522,0.02702702702702703,0.16
16,0.20072072072072072,0.0,0.7722522522522522,0.02702702702702703,0.17
17,0.24900900900900902,0.0,0.723963963963964,0.02702702702702703,0.18
18,0.30126126126126124,0.0,0.6717117117117117,0.02702702702702703,0.19
19,0.3607207207207207,0.0,0.6122522522522522,0.02702702702702703,0.2
20,0.41945945945945945,0.0,0.5535135135135135,0.02702702702702703,0.21
21,0.4843243243243243,0.0,0.48864864864864865,0.02702702702702703,0.22
22,0.5452252252252252,0.00036036036036036037,0.42774774774774776,0.02666666666666667,0.23
23,0.6003603603603603,0.00036036036036036037,0.37261261261261264,0.02666666666666667,0.24
24,0.6562162162162162,0.00036036036036036037,0.31675675675675674,0.02666666666666667,0.25
25,0.7052252252252252,0.00036036036036036037,0.26774774774774773,0.02666666666666667,0.26
26,0.7502702702702703,0.00036036036036036037,0.2227027027027027,0.02666666666666667,0.27
27,0.7881081081081082,0.00036036036036036037,0.18486486486486486,0.02666666666666667,0.28
28,0.8255855855855856,0.00036036036036036037,0.14738738738738738,0.02666666666666667,0.29
29,0.8461261261261261,0.00036036036036036037,0.12684684684684686,0.02666666666666667,0.3
30,0.8699099099099099,0.00036036036036036037,0.10306306306306307,0.02666666666666667,0.31
31,0.8918918918918919,0.00036036036036036037,0.08108108108108109,0.02666666666666667,0.32
32,0.9106306306306307,0.0007207207207207207,0.062342342342342344,0.026306306306306305,0.33
33,0.9106306306306307,0.0007207207207207207,0.062342342342342344,0.026306306306306305,0.34
34,0.9228828828828829,0.001081081081081081,0.05009009009009009,0.025945945945945945,0.35
35,0.9354954954954955,0.001081081081081081,0.037477477477477476,0.025945945945945945,0.36
36,0.9466666666666667,0.001081081081081081,0.026306306306306305,0.025945945945945945,0.37
37,0.9556756756756757,0.0018018018018018018,0.017297297297297298,0.025225225225225224,0.38
38,0.9607207207207207,0.0018018018018018018,0.012252252252252252,0.025225225225225224,0.39
39,0.963963963963964,0.002162162162162162,0.009009009009009009,0.024864864864864864,0.4
40,0.9664864864864865,0.002882882882882883,0.006486486486486486,0.024144144144144144,0.41
41,0.9675675675675676,0.002882882882882883,0.005405405405405406,0.024144144144144144,0.42
42,0.9700900900900901,0.003963963963963964,0.002882882882882883,0.023063063063063063,0.43
43,0.9708108108108108,0.003963963963963964,0.002162162162162162,0.023063063063063063,0.44
44,0.9715315315315315,0.005405405405405406,0.0014414414414414415,0.021621621621621623,0.45
45,0.9715315315315315,0.006126126126126126,0.0014414414414414415,0.020900900900900903,0.46
46,0.9718918918918918,0.0075675675675675675,0.001081081081081081,0.01945945945945946,0.47
47,0.9718918918918918,0.009009009009009009,0.001081081081081081,0.018018018018018018,0.48
48,0.9718918918918918,0.010810810810810811,0.001081081081081081,0.016216216216216217,0.49
49,0.9718918918918918,0.010810810810810811,0.001081081081081081,0.016216216216216217,0.5
50,0.9722522522522522,0.011531531531531532,0.0007207207207207207,0.015495495495495495,0.51
51,0.9722522522522522,0.011891891891891892,0.0007207207207207207,0.015135135135135135,0.52
52,0.9726126126126126,0.013333333333333334,0.00036036036036036037,0.013693693693693694,0.53
53,0.9726126126126126,0.014414414414414415,0.00036036036036036037,0.012612612612612612,0.54
54,0.9726126126126126,0.014774774774774775,0.00036036036036036037,0.012252252252252252,0.55
55,0.9726126126126126,0.015855855855855857,0.00036036036036036037,0.011171171171171172,0.56
56,0.972972972972973,0.016216216216216217,0.0,0.010810810810810811,0.57
57,0.972972972972973,0.016576576576576577,0.0,0.010450450450450451,0.58
58,0.972972972972973,0.017297297297297298,0.0,0.00972972972972973,0.59
59,0.972972972972973,0.018018018018018018,0.0,0.009009009009009009,0.6
60,0.972972972972973,0.018378378378378378,0.0,0.008648648648648649,0.61
61,0.972972972972973,0.018738738738738738,0.0,0.008288288288288289,0.62
62,0.972972972972973,0.01981981981981982,0.0,0.007207207207207207,0.63
63,0.972972972972973,0.02018018018018018,0.0,0.006846846846846847,0.64
64,0.972972972972973,0.02018018018018018,0.0,0.006846846846846847,0.65
65,0.972972972972973,0.02054054054054054,0.0,0.006486486486486486,0.66
66,0.972972972972973,0.02054054054054054,0.0,0.006486486486486486,0.67
67,0.972972972972973,0.021261261261261263,0.0,0.005765765765765766,0.68
68,0.972972972972973,0.023063063063063063,0.0,0.003963963963963964,0.69
69,0.972972972972973,0.023783783783783784,0.0,0.003243243243243243,0.7
70,0.972972972972973,0.024144144144144144,0.0,0.002882882882882883,0.71
71,0.972972972972973,0.024504504504504504,0.0,0.0025225225225225223,0.72
72,0.972972972972973,0.024504504504504504,0.0,0.0025225225225225223,0.73
73,0.972972972972973,0.024504504504504504,0.0,0.0025225225225225223,0.74
74,0.972972972972973,0.024504504504504504,0.0,0.0025225225225225223,0.75
75,0.972972972972973,0.025225225225225224,0.0,0.0018018018018018018,0.76
76,0.972972972972973,0.025225225225225224,0.0,0.0018018018018018018,0.77
77,0.972972972972973,0.025585585585585584,0.0,0.0014414414414414415,0.78
78,0.972972972972973,0.025585585585585584,0.0,0.0014414414414414415,0.79
79,0.972972972972973,0.025945945945945945,0.0,0.001081081081081081,0.8
80,0.972972972972973,0.025945945945945945,0.0,0.001081081081081081,0.81
81,0.972972972972973,0.025945945945945945,0.0,0.001081081081081081,0.82
82,0.972972972972973,0.025945945945945945,0.0,0.001081081081081081,0.83
83,0.972972972972973,0.025945945945945945,0.0,0.001081081081081081,0.84
84,0.972972972972973,0.025945945945945945,0.0,0.001081081081081081,0.85
85,0.972972972972973,0.025945945945945945,0.0,0.001081081081081081,0.86
86,0.972972972972973,0.025945945945945945,0.0,0.001081081081081081,0.87
87,0.972972972972973,0.026306306306306305,0.0,0.0007207207207207207,0.88
88,0.972972972972973,0.026306306306306305,0.0,0.0007207207207207207,0.89
89,0.972972972972973,0.026306306306306305,0.0,0.0007207207207207207,0.9
90,0.972972972972973,0.02666666666666667,0.0,0.00036036036036036037,0.91
91,0.972972972972973,0.02666666666666667,0.0,0.00036036036036036037,0.92
92,0.972972972972973,0.02666666666666667,0.0,0.00036036036036036037,0.93
93,0.972972972972973,0.02666666666666667,0.0,0.00036036036036036037,0.94
94,0.972972972972973,0.02666666666666667,0.0,0.00036036036036036037,0.95
95,0.972972972972973,0.02666666666666667,0.0,0.00036036036036036037,0.96
96,0.972972972972973,0.02666666666666667,0.0,0.00036036036036036037,0.97
97,0.972972972972973,0.02666666666666667,0.0,0.00036036036036036037,0.98
98,0.972972972972973,0.02666666666666667,0.0,0.00036036036036036037,0.99
99,0.972972972972973,0.02666666666666667,0.0,0.00036036036036036037,1.0
