,tn,fp,fn,tp,percentage
0,0.00036036036036036037,0.0,0.9726126126126126,0.02702702702702703,0.01
1,0.0007207207207207207,0.0,0.9722522522522522,0.02702702702702703,0.02
2,0.002882882882882883,0.0,0.9700900900900901,0.02702702702702703,0.03
3,0.004324324324324324,0.0,0.9686486486486486,0.02702702702702703,0.04
4,0.005765765765765766,0.0,0.9672072072072072,0.02702702702702703,0.05
5,0.00972972972972973,0.0,0.9632432432432433,0.02702702702702703,0.06
6,0.016936936936936937,0.0,0.956036036036036,0.02702702702702703,0.07
7,0.025225225225225224,0.0,0.9477477477477477,0.02702702702702703,0.08
8,0.03711711711711712,0.0,0.9358558558558558,0.02702702702702703,0.09
9,0.05621621621621622,0.0,0.9167567567567567,0.02702702702702703,0.1
10,0.05621621621621622,0.0,0.9167567567567567,0.02702702702702703,0.11
11,0.07927927927927927,0.0,0.8936936936936937,0.02702702702702703,0.12
12,0.10198198198198198,0.0,0.870990990990991,0.02702702702702703,0.13
13,0.14198198198198198,0.0,0.8309909909909909,0.02702702702702703,0.14
14,0.1834234234234234,0.0,0.7895495495495496,0.02702702702702703,0.15
15,0.23567567567567568,0.0,0.7372972972972973,0.02702702702702703,0.16
16,0.2904504504504504,0.0,0.6825225225225225,0.02702702702702703,0.17
17,0.350990990990991,0.0,0.621981981981982,0.02702702702702703,0.18
18,0.40936936936936935,0.0,0.5636036036036036,0.02702702702702703,0.19
19,0.48144144144144146,0.0,0.4915315315315315,0.02702702702702703,0.2
20,0.48144144144144146,0.0,0.4915315315315315,0.02702702702702703,0.21
21,0.5463063063063063,0.00036036036036036037,0.4266666666666667,0.02666666666666667,0.22
22,0.6050450450450451,0.00036036036036036037,0.36792792792792794,0.02666666666666667,0.23
23,0.6627027027027027,0.00036036036036036037,0.31027027027027027,0.02666666666666667,0.24
24,0.7156756756756757,0.00036036036036036037,0.2572972972972973,0.02666666666666667,0.25
25,0.7596396396396397,0.00036036036036036037,0.21333333333333335,0.02666666666666667,0.26
26,0.8007207207207208,0.00036036036036036037,0.17225225225225224,0.02666666666666667,0.27
27,0.8331531531531532,0.00036036036036036037,0.1398198198198198,0.02666666666666667,0.28
28,0.8540540540540541,0.00036036036036036037,0.11891891891891893,0.02666666666666667,0.29
29,0.8540540540540541,0.00036036036036036037,0.11891891891891893,0.02666666666666667,0.3
30,0.88,0.00036036036036036037,0.09297297297297297,0.02666666666666667,0.31
31,0.9005405405405406,0.0007207207207207207,0.07243243243243243,0.026306306306306305,0.32
32,0.9192792792792793,0.001081081081081081,0.05369369369369369,0.025945945945945945,0.33
33,0.9311711711711712,0.001081081081081081,0.041801801801801805,0.025945945945945945,0.34
34,0.9459459459459459,0.001081081081081081,0.02702702702702703,0.025945945945945945,0.35
35,0.9531531531531532,0.0014414414414414415,0.01981981981981982,0.025585585585585584,0.36
36,0.9603603603603603,0.0018018018018018018,0.012612612612612612,0.025225225225225224,0.37
37,0.9621621621621622,0.0018018018018018018,0.010810810810810811,0.025225225225225224,0.38
38,0.9661261261261261,0.0025225225225225223,0.006846846846846847,0.024504504504504504,0.39
39,0.9661261261261261,0.0025225225225225223,0.006846846846846847,0.024504504504504504,0.4
40,0.9672072072072072,0.0036036036036036037,0.005765765765765766,0.023423423423423424,0.41
41,0.9686486486486486,0.003963963963963964,0.004324324324324324,0.023063063063063063,0.42
42,0.9711711711711711,0.003963963963963964,0.0018018018018018018,0.023063063063063063,0.43
43,0.9715315315315315,0.005765765765765766,0.0014414414414414415,0.021261261261261263,0.44
44,0.9715315315315315,0.006486486486486486,0.0014414414414414415,0.02054054054054054,0.45
45,0.9718918918918918,0.008288288288288289,0.001081081081081081,0.018738738738738738,0.46
46,0.9718918918918918,0.009369369369369369,0.001081081081081081,0.017657657657657658,0.47
47,0.9718918918918918,0.010450450450450451,0.001081081081081081,0.016576576576576577,0.48
48,0.9722522522522522,0.011891891891891892,0.0007207207207207207,0.015135135135135135,0.49
49,0.9722522522522522,0.011891891891891892,0.0007207207207207207,0.015135135135135135,0.5
50,0.9722522522522522,0.012612612612612612,0.0007207207207207207,0.014414414414414415,0.51
51,0.9722522522522522,0.013333333333333334,0.0007207207207207207,0.013693693693693694,0.52
52,0.9726126126126126,0.014774774774774775,0.00036036036036036037,0.012252252252252252,0.53
53,0.9726126126126126,0.015495495495495495,0.00036036036036036037,0.011531531531531532,0.54
54,0.972972972972973,0.015855855855855857,0.0,0.011171171171171172,0.55
55,0.972972972972973,0.016216216216216217,0.0,0.010810810810810811,0.56
56,0.972972972972973,0.017297297297297298,0.0,0.00972972972972973,0.57
57,0.972972972972973,0.017657657657657658,0.0,0.009369369369369369,0.58
58,0.972972972972973,0.018018018018018018,0.0,0.009009009009009009,0.59
59,0.972972972972973,0.018018018018018018,0.0,0.009009009009009009,0.6
60,0.972972972972973,0.018738738738738738,0.0,0.008288288288288289,0.61
61,0.972972972972973,0.01981981981981982,0.0,0.007207207207207207,0.62
62,0.972972972972973,0.02018018018018018,0.0,0.006846846846846847,0.63
63,0.972972972972973,0.02054054054054054,0.0,0.006486486486486486,0.64
64,0.972972972972973,0.02054054054054054,0.0,0.006486486486486486,0.65
65,0.972972972972973,0.021621621621621623,0.0,0.005405405405405406,0.66
66,0.972972972972973,0.022342342342342343,0.0,0.0046846846846846845,0.67
67,0.972972972972973,0.024144144144144144,0.0,0.002882882882882883,0.68
68,0.972972972972973,0.024144144144144144,0.0,0.002882882882882883,0.69
69,0.972972972972973,0.024144144144144144,0.0,0.002882882882882883,0.7
70,0.972972972972973,0.024504504504504504,0.0,0.0025225225225225223,0.71
71,0.972972972972973,0.024504504504504504,0.0,0.0025225225225225223,0.72
72,0.972972972972973,0.024504504504504504,0.0,0.0025225225225225223,0.73
73,0.972972972972973,0.024504504504504504,0.0,0.0025225225225225223,0.74
74,0.972972972972973,0.024504504504504504,0.0,0.0025225225225225223,0.75
75,0.972972972972973,0.025225225225225224,0.0,0.0018018018018018018,0.76
76,0.972972972972973,0.025585585585585584,0.0,0.0014414414414414415,0.77
77,0.972972972972973,0.025585585585585584,0.0,0.0014414414414414415,0.78
78,0.972972972972973,0.025945945945945945,0.0,0.001081081081081081,0.79
79,0.972972972972973,0.025945945945945945,0.0,0.001081081081081081,0.8
80,0.972972972972973,0.025945945945945945,0.0,0.001081081081081081,0.81
81,0.972972972972973,0.025945945945945945,0.0,0.001081081081081081,0.82
82,0.972972972972973,0.025945945945945945,0.0,0.001081081081081081,0.83
83,0.972972972972973,0.025945945945945945,0.0,0.001081081081081081,0.84
84,0.972972972972973,0.025945945945945945,0.0,0.001081081081081081,0.85
85,0.972972972972973,0.025945945945945945,0.0,0.001081081081081081,0.86
86,0.972972972972973,0.026306306306306305,0.0,0.0007207207207207207,0.87
87,0.972972972972973,0.026306306306306305,0.0,0.0007207207207207207,0.88
88,0.972972972972973,0.026306306306306305,0.0,0.0007207207207207207,0.89
89,0.972972972972973,0.026306306306306305,0.0,0.0007207207207207207,0.9
90,0.972972972972973,0.02666666666666667,0.0,0.00036036036036036037,0.91
91,0.972972972972973,0.02666666666666667,0.0,0.00036036036036036037,0.92
92,0.972972972972973,0.02666666666666667,0.0,0.00036036036036036037,0.93
93,0.972972972972973,0.02666666666666667,0.0,0.00036036036036036037,0.94
94,0.972972972972973,0.02666666666666667,0.0,0.00036036036036036037,0.95
95,0.972972972972973,0.02666666666666667,0.0,0.00036036036036036037,0.96
96,0.972972972972973,0.02666666666666667,0.0,0.00036036036036036037,0.97
97,0.972972972972973,0.02666666666666667,0.0,0.00036036036036036037,0.98
98,0.972972972972973,0.02666666666666667,0.0,0.00036036036036036037,0.99
99,0.972972972972973,0.02666666666666667,0.0,0.00036036036036036037,1.0
