,tn,fp,fn,tp,percentage
0,0.0007207207207207207,0.0,0.9722522522522522,0.02702702702702703,0.01
1,0.0014414414414414415,0.0,0.9715315315315315,0.02702702702702703,0.02
2,0.0025225225225225223,0.0,0.9704504504504504,0.02702702702702703,0.03
3,0.004324324324324324,0.0,0.9686486486486486,0.02702702702702703,0.04
4,0.007207207207207207,0.0,0.9657657657657658,0.02702702702702703,0.05
5,0.012972972972972972,0.0,0.96,0.02702702702702703,0.06
6,0.01981981981981982,0.0,0.9531531531531532,0.02702702702702703,0.07
7,0.03063063063063063,0.0,0.9423423423423424,0.02702702702702703,0.08
8,0.03063063063063063,0.0,0.9423423423423424,0.02702702702702703,0.09
9,0.04612612612612613,0.0,0.9268468468468468,0.02702702702702703,0.1
10,0.06882882882882883,0.0,0.9041441441441441,0.02702702702702703,0.11
11,0.09225225225225225,0.0,0.8807207207207207,0.02702702702702703,0.12
12,0.12468468468468469,0.0,0.8482882882882883,0.02702702702702703,0.13
13,0.1700900900900901,0.0,0.8028828828828829,0.02702702702702703,0.14
14,0.2209009009009009,0.0,0.752072072072072,0.02702702702702703,0.15
15,0.2828828828828829,0.0,0.69009009009009,0.02702702702702703,0.16
16,0.2828828828828829,0.0,0.69009009009009,0.02702702702702703,0.17
17,0.3362162162162162,0.0,0.6367567567567568,0.02702702702702703,0.18
18,0.40216216216216216,0.0,0.5708108108108109,0.02702702702702703,0.19
19,0.47675675675675677,0.0,0.4962162162162162,0.02702702702702703,0.2
20,0.5527927927927928,0.00036036036036036037,0.42018018018018016,0.02666666666666667,0.21
21,0.6057657657657658,0.00036036036036036037,0.36720720720720723,0.02666666666666667,0.22
22,0.66990990990991,0.00036036036036036037,0.3030630630630631,0.02666666666666667,0.23
23,0.7254054054054054,0.00036036036036036037,0.24756756756756756,0.02666666666666667,0.24
24,0.7254054054054054,0.00036036036036036037,0.24756756756756756,0.02666666666666667,0.25
25,0.7718918918918919,0.00036036036036036037,0.20108108108108108,0.02666666666666667,0.26
26,0.809009009009009,0.00036036036036036037,0.16396396396396395,0.02666666666666667,0.27
27,0.8381981981981982,0.00036036036036036037,0.13477477477477479,0.02666666666666667,0.28
28,0.8641441441441442,0.00036036036036036037,0.10882882882882883,0.02666666666666667,0.29
29,0.8904504504504505,0.0007207207207207207,0.08252252252252253,0.026306306306306305,0.3
30,0.9113513513513514,0.001081081081081081,0.061621621621621624,0.025945945945945945,0.31
31,0.9257657657657657,0.001081081081081081,0.047207207207207204,0.025945945945945945,0.32
32,0.9398198198198198,0.001081081081081081,0.033153153153153155,0.025945945945945945,0.33
33,0.9398198198198198,0.001081081081081081,0.033153153153153155,0.025945945945945945,0.34
34,0.9499099099099099,0.0014414414414414415,0.023063063063063063,0.025585585585585584,0.35
35,0.9589189189189189,0.0014414414414414415,0.014054054054054054,0.025585585585585584,0.36
36,0.9621621621621622,0.0014414414414414415,0.010810810810810811,0.025585585585585584,0.37
37,0.9646846846846847,0.0025225225225225223,0.008288288288288289,0.024504504504504504,0.38
38,0.9668468468468469,0.003243243243243243,0.006126126126126126,0.023783783783783784,0.39
39,0.9686486486486486,0.0036036036036036037,0.004324324324324324,0.023423423423423424,0.4
40,0.9708108108108108,0.003963963963963964,0.002162162162162162,0.023063063063063063,0.41
41,0.9708108108108108,0.003963963963963964,0.002162162162162162,0.023063063063063063,0.42
42,0.9715315315315315,0.005045045045045045,0.0014414414414414415,0.021981981981981983,0.43
43,0.9715315315315315,0.006126126126126126,0.0014414414414414415,0.020900900900900903,0.44
44,0.9718918918918918,0.007927927927927928,0.001081081081081081,0.0190990990990991,0.45
45,0.9718918918918918,0.01009009009009009,0.001081081081081081,0.016936936936936937,0.46
46,0.9722522522522522,0.010810810810810811,0.0007207207207207207,0.016216216216216217,0.47
47,0.9722522522522522,0.012252252252252252,0.0007207207207207207,0.014774774774774775,0.48
48,0.9722522522522522,0.012612612612612612,0.0007207207207207207,0.014414414414414415,0.49
49,0.9722522522522522,0.012612612612612612,0.0007207207207207207,0.014414414414414415,0.5
50,0.9722522522522522,0.014414414414414415,0.0007207207207207207,0.012612612612612612,0.51
51,0.9726126126126126,0.015135135135135135,0.00036036036036036037,0.011891891891891892,0.52
52,0.9726126126126126,0.015495495495495495,0.00036036036036036037,0.011531531531531532,0.53
53,0.972972972972973,0.015495495495495495,0.0,0.011531531531531532,0.54
54,0.972972972972973,0.016216216216216217,0.0,0.010810810810810811,0.55
55,0.972972972972973,0.016936936936936937,0.0,0.01009009009009009,0.56
56,0.972972972972973,0.018018018018018018,0.0,0.009009009009009009,0.57
57,0.972972972972973,0.018378378378378378,0.0,0.008648648648648649,0.58
58,0.972972972972973,0.018378378378378378,0.0,0.008648648648648649,0.59
59,0.972972972972973,0.018738738738738738,0.0,0.008288288288288289,0.6
60,0.972972972972973,0.01981981981981982,0.0,0.007207207207207207,0.61
61,0.972972972972973,0.02054054054054054,0.0,0.006486486486486486,0.62
62,0.972972972972973,0.02054054054054054,0.0,0.006486486486486486,0.63
63,0.972972972972973,0.02054054054054054,0.0,0.006486486486486486,0.64
64,0.972972972972973,0.022702702702702703,0.0,0.004324324324324324,0.65
65,0.972972972972973,0.024144144144144144,0.0,0.002882882882882883,0.66
66,0.972972972972973,0.024144144144144144,0.0,0.002882882882882883,0.67
67,0.972972972972973,0.024144144144144144,0.0,0.002882882882882883,0.68
68,0.972972972972973,0.024504504504504504,0.0,0.0025225225225225223,0.69
69,0.972972972972973,0.024504504504504504,0.0,0.0025225225225225223,0.7
70,0.972972972972973,0.024504504504504504,0.0,0.0025225225225225223,0.71
71,0.972972972972973,0.024504504504504504,0.0,0.0025225225225225223,0.72
72,0.972972972972973,0.024504504504504504,0.0,0.0025225225225225223,0.73
73,0.972972972972973,0.024504504504504504,0.0,0.0025225225225225223,0.74
74,0.972972972972973,0.024504504504504504,0.0,0.0025225225225225223,0.75
75,0.972972972972973,0.025225225225225224,0.0,0.0018018018018018018,0.76
76,0.972972972972973,0.025585585585585584,0.0,0.0014414414414414415,0.77
77,0.972972972972973,0.025945945945945945,0.0,0.001081081081081081,0.78
78,0.972972972972973,0.025945945945945945,0.0,0.001081081081081081,0.79
79,0.972972972972973,0.025945945945945945,0.0,0.001081081081081081,0.8
80,0.972972972972973,0.025945945945945945,0.0,0.001081081081081081,0.81
81,0.972972972972973,0.025945945945945945,0.0,0.001081081081081081,0.82
82,0.972972972972973,0.025945945945945945,0.0,0.001081081081081081,0.83
83,0.972972972972973,0.025945945945945945,0.0,0.001081081081081081,0.84
84,0.972972972972973,0.025945945945945945,0.0,0.001081081081081081,0.85
85,0.972972972972973,0.025945945945945945,0.0,0.001081081081081081,0.86
86,0.972972972972973,0.026306306306306305,0.0,0.0007207207207207207,0.87
87,0.972972972972973,0.026306306306306305,0.0,0.0007207207207207207,0.88
88,0.972972972972973,0.026306306306306305,0.0,0.0007207207207207207,0.89
89,0.972972972972973,0.02666666666666667,0.0,0.00036036036036036037,0.9
90,0.972972972972973,0.02666666666666667,0.0,0.00036036036036036037,0.91
91,0.972972972972973,0.02666666666666667,0.0,0.00036036036036036037,0.92
92,0.972972972972973,0.02666666666666667,0.0,0.00036036036036036037,0.93
93,0.972972972972973,0.02666666666666667,0.0,0.00036036036036036037,0.94
94,0.972972972972973,0.02666666666666667,0.0,0.00036036036036036037,0.95
95,0.972972972972973,0.02666666666666667,0.0,0.00036036036036036037,0.96
96,0.972972972972973,0.02666666666666667,0.0,0.00036036036036036037,0.97
97,0.972972972972973,0.02666666666666667,0.0,0.00036036036036036037,0.98
98,0.972972972972973,0.02666666666666667,0.0,0.00036036036036036037,0.99
99,0.972972972972973,0.02666666666666667,0.0,0.00036036036036036037,1.0
