,tn,fp,fn,tp,percentage
0,0.0001789709172259508,0.0,0.99248322147651,0.007337807606263982,0.01
1,0.00044742729306487697,0.0,0.9922147651006712,0.007337807606263982,0.02
2,0.0005369127516778523,0.0,0.9921252796420582,0.007337807606263982,0.03
3,0.0012527964205816555,0.0,0.9914093959731544,0.007337807606263982,0.04
4,0.002774049217002237,0.0,0.9898881431767338,0.007337807606263982,0.05
5,0.004026845637583893,0.0,0.9886353467561522,0.007337807606263982,0.06
6,0.004026845637583893,0.0,0.9886353467561522,0.007337807606263982,0.07
7,0.006532438478747204,0.0,0.9861297539149888,0.007337807606263982,0.08
8,0.009932885906040268,0.0,0.9827293064876957,0.007337807606263982,0.09
9,0.015659955257270694,0.0,0.9770022371364653,0.007337807606263982,0.1
10,0.02702460850111857,0.0001789709172259508,0.9656375838926174,0.0071588366890380315,0.11
11,0.041073825503355706,0.0001789709172259508,0.9515883668903803,0.0071588366890380315,0.12
12,0.041073825503355706,0.0001789709172259508,0.9515883668903803,0.0071588366890380315,0.13
13,0.05574944071588367,0.0001789709172259508,0.9369127516778524,0.0071588366890380315,0.14
14,0.07651006711409396,0.0001789709172259508,0.9161521252796421,0.0071588366890380315,0.15
15,0.10013422818791946,0.0001789709172259508,0.8925279642058166,0.0071588366890380315,0.16
16,0.13029082774049217,0.0001789709172259508,0.8623713646532438,0.0071588366890380315,0.17
17,0.16706935123042504,0.00026845637583892615,0.825592841163311,0.0070693512304250555,0.18
18,0.16706935123042504,0.00026845637583892615,0.825592841163311,0.0070693512304250555,0.19
19,0.21190156599552573,0.0003579418344519016,0.7807606263982103,0.00697986577181208,0.2
20,0.25592841163310964,0.0003579418344519016,0.7367337807606263,0.00697986577181208,0.21
21,0.3097986577181208,0.0003579418344519016,0.6828635346756152,0.00697986577181208,0.22
22,0.363758389261745,0.0003579418344519016,0.628903803131991,0.00697986577181208,0.23
23,0.4199552572706935,0.0003579418344519016,0.5727069351230425,0.00697986577181208,0.24
24,0.47874720357941836,0.0003579418344519016,0.5139149888143176,0.00697986577181208,0.25
25,0.47874720357941836,0.0003579418344519016,0.5139149888143176,0.00697986577181208,0.26
26,0.5370917225950783,0.0003579418344519016,0.45557046979865773,0.00697986577181208,0.27
27,0.5950782997762863,0.0005369127516778523,0.39758389261744964,0.006800894854586129,0.28
28,0.6483221476510067,0.0005369127516778523,0.3443400447427293,0.006800894854586129,0.29
29,0.6958389261744966,0.0005369127516778523,0.2968232662192394,0.006800894854586129,0.3
30,0.7374496644295302,0.0005369127516778523,0.2552125279642058,0.006800894854586129,0.31
31,0.7374496644295302,0.0005369127516778523,0.2552125279642058,0.006800894854586129,0.32
32,0.7804921700223714,0.0005369127516778523,0.21217002237136465,0.006800894854586129,0.33
33,0.8158389261744966,0.0005369127516778523,0.17682326621923938,0.006800894854586129,0.34
34,0.8500223713646532,0.0005369127516778523,0.14263982102908276,0.006800894854586129,0.35
35,0.876510067114094,0.0008053691275167785,0.11615212527964205,0.006532438478747204,0.36
36,0.8978076062639821,0.0010738255033557046,0.09485458612975392,0.006263982102908278,0.37
37,0.8978076062639821,0.0010738255033557046,0.09485458612975392,0.006263982102908278,0.38
38,0.9176733780760626,0.0012527964205816555,0.07498881431767337,0.006085011185682327,0.39
39,0.930917225950783,0.0017897091722595079,0.06174496644295302,0.005548098434004474,0.4
40,0.9425503355704697,0.0017897091722595079,0.05011185682326622,0.005548098434004474,0.41
41,0.9499776286353467,0.0019686800894854585,0.04268456375838926,0.005369127516778523,0.42
42,0.9574944071588367,0.002058165548098434,0.03516778523489933,0.005279642058165548,0.43
43,0.9574944071588367,0.002058165548098434,0.03516778523489933,0.005279642058165548,0.44
44,0.96331096196868,0.002147651006711409,0.029351230425055927,0.005190156599552573,0.45
45,0.9684116331096196,0.002505592841163311,0.024250559284116333,0.004832214765100671,0.46
46,0.9730648769574944,0.0026845637583892616,0.01959731543624161,0.004653243847874721,0.47
47,0.9761968680089486,0.0026845637583892616,0.016465324384787473,0.004653243847874721,0.48
48,0.9792393736017897,0.0030425055928411633,0.013422818791946308,0.004295302013422818,0.49
49,0.9825503355704698,0.0030425055928411633,0.01011185682326622,0.004295302013422818,0.5
50,0.9825503355704698,0.0030425055928411633,0.01011185682326622,0.004295302013422818,0.51
51,0.9838926174496644,0.0030425055928411633,0.008769574944071589,0.004295302013422818,0.52
52,0.9853243847874721,0.0033109619686800896,0.007337807606263982,0.004026845637583893,0.53
53,0.9871140939597316,0.003668903803131991,0.005548098434004474,0.003668903803131991,0.54
54,0.9884563758389262,0.003847874720357942,0.004205816554809843,0.00348993288590604,0.55
55,0.9894407158836689,0.004026845637583893,0.003221476510067114,0.0033109619686800896,0.56
56,0.9894407158836689,0.004026845637583893,0.003221476510067114,0.0033109619686800896,0.57
57,0.9904250559284117,0.004116331096196868,0.0022371364653243847,0.003221476510067114,0.58
58,0.9910514541387024,0.004384787472035794,0.001610738255033557,0.002953020134228188,0.59
59,0.9918568232662193,0.0044742729306487695,0.0008053691275167785,0.0028635346756152127,0.6
60,0.9920357941834452,0.004653243847874721,0.0006263982102908277,0.0026845637583892616,0.61
61,0.9921252796420582,0.004742729306487696,0.0005369127516778523,0.0025950782997762865,0.62
62,0.9921252796420582,0.004742729306487696,0.0005369127516778523,0.0025950782997762865,0.63
63,0.9921252796420582,0.004832214765100671,0.0005369127516778523,0.002505592841163311,0.64
64,0.9921252796420582,0.005011185682326622,0.0005369127516778523,0.0023266219239373603,0.65
65,0.9922147651006712,0.005279642058165548,0.00044742729306487697,0.002058165548098434,0.66
66,0.9923042505592841,0.005458612975391499,0.0003579418344519016,0.0018791946308724832,0.67
67,0.992393736017897,0.005727069351230425,0.00026845637583892615,0.001610738255033557,0.68
68,0.992393736017897,0.005727069351230425,0.00026845637583892615,0.001610738255033557,0.69
69,0.99248322147651,0.005906040268456376,0.0001789709172259508,0.0014317673378076063,0.7
70,0.99248322147651,0.006085011185682327,0.0001789709172259508,0.0012527964205816555,0.71
71,0.99248322147651,0.006174496644295302,0.0001789709172259508,0.0011633109619686801,0.72
72,0.992572706935123,0.006263982102908278,8.94854586129754e-05,0.0010738255033557046,0.73
73,0.992572706935123,0.006442953020134228,8.94854586129754e-05,0.0008948545861297539,0.74
74,0.992572706935123,0.006442953020134228,8.94854586129754e-05,0.0008948545861297539,0.75
75,0.992572706935123,0.006621923937360179,8.94854586129754e-05,0.0007158836689038032,0.76
76,0.992662192393736,0.006621923937360179,0.0,0.0007158836689038032,0.77
77,0.992662192393736,0.006711409395973154,0.0,0.0006263982102908277,0.78
78,0.992662192393736,0.006711409395973154,0.0,0.0006263982102908277,0.79
79,0.992662192393736,0.006711409395973154,0.0,0.0006263982102908277,0.8
80,0.992662192393736,0.006711409395973154,0.0,0.0006263982102908277,0.81
81,0.992662192393736,0.006711409395973154,0.0,0.0006263982102908277,0.82
82,0.992662192393736,0.006890380313199105,0.0,0.00044742729306487697,0.83
83,0.992662192393736,0.006890380313199105,0.0,0.00044742729306487697,0.84
84,0.992662192393736,0.006890380313199105,0.0,0.00044742729306487697,0.85
85,0.992662192393736,0.006890380313199105,0.0,0.00044742729306487697,0.86
86,0.992662192393736,0.00697986577181208,0.0,0.0003579418344519016,0.87
87,0.992662192393736,0.00697986577181208,0.0,0.0003579418344519016,0.88
88,0.992662192393736,0.0070693512304250555,0.0,0.00026845637583892615,0.89
89,0.992662192393736,0.0071588366890380315,0.0,0.0001789709172259508,0.9
90,0.992662192393736,0.0071588366890380315,0.0,0.0001789709172259508,0.91
91,0.992662192393736,0.0071588366890380315,0.0,0.0001789709172259508,0.92
92,0.992662192393736,0.007248322147651007,0.0,8.94854586129754e-05,0.93
93,0.992662192393736,0.007248322147651007,0.0,8.94854586129754e-05,0.94
94,0.992662192393736,0.007248322147651007,0.0,8.94854586129754e-05,0.95
95,0.992662192393736,0.007248322147651007,0.0,8.94854586129754e-05,0.96
96,0.992662192393736,0.007248322147651007,0.0,8.94854586129754e-05,0.97
97,0.992662192393736,0.007248322147651007,0.0,8.94854586129754e-05,0.98
98,0.992662192393736,0.007248322147651007,0.0,8.94854586129754e-05,0.99
99,0.992662192393736,0.007248322147651007,0.0,8.94854586129754e-05,1.0
