,tn,fp,fn,tp,percentage
0,0.0001789709172259508,0.0,0.99248322147651,0.007337807606263982,0.01
1,0.0003579418344519016,0.0,0.9923042505592841,0.007337807606263982,0.02
2,0.00044742729306487697,0.0,0.9922147651006712,0.007337807606263982,0.03
3,0.0006263982102908277,0.0,0.9920357941834452,0.007337807606263982,0.04
4,0.002147651006711409,0.0,0.9905145413870247,0.007337807606263982,0.05
5,0.002774049217002237,0.0,0.9898881431767338,0.007337807606263982,0.06
6,0.003847874720357942,0.0,0.9888143176733781,0.007337807606263982,0.07
7,0.004653243847874721,0.0,0.9880089485458613,0.007337807606263982,0.08
8,0.0058165548098434005,0.0,0.9868456375838927,0.007337807606263982,0.09
9,0.009574944071588367,0.0,0.9830872483221477,0.007337807606263982,0.1
10,0.01225950782997763,0.0,0.9804026845637583,0.007337807606263982,0.11
11,0.01592841163310962,0.0,0.9767337807606264,0.007337807606263982,0.12
12,0.02058165548098434,0.0,0.9720805369127516,0.007337807606263982,0.13
13,0.03319910514541387,0.0,0.9594630872483222,0.007337807606263982,0.14
14,0.03982102908277405,8.94854586129754e-05,0.9528411633109619,0.007248322147651007,0.15
15,0.04832214765100671,8.94854586129754e-05,0.9443400447427293,0.007248322147651007,0.16
16,0.057539149888143175,8.94854586129754e-05,0.9351230425055929,0.007248322147651007,0.17
17,0.06890380313199106,0.0001789709172259508,0.9237583892617449,0.0071588366890380315,0.18
18,0.09279642058165548,0.00026845637583892615,0.8998657718120805,0.0070693512304250555,0.19
19,0.10648769574944071,0.00026845637583892615,0.8861744966442953,0.0070693512304250555,0.2
20,0.1229530201342282,0.0003579418344519016,0.8697091722595078,0.00697986577181208,0.21
21,0.14093959731543623,0.0003579418344519016,0.8517225950782997,0.00697986577181208,0.22
22,0.17628635346756152,0.0003579418344519016,0.8163758389261745,0.00697986577181208,0.23
23,0.1948993288590604,0.0003579418344519016,0.7977628635346756,0.00697986577181208,0.24
24,0.21691275167785234,0.0003579418344519016,0.7757494407158837,0.00697986577181208,0.25
25,0.23982102908277406,0.0003579418344519016,0.752841163310962,0.00697986577181208,0.26
26,0.2639821029082774,0.0003579418344519016,0.7286800894854586,0.00697986577181208,0.27
27,0.3130201342281879,0.0003579418344519016,0.6796420581655481,0.00697986577181208,0.28
28,0.34049217002237137,0.0003579418344519016,0.6521700223713647,0.00697986577181208,0.29
29,0.36850111856823264,0.0003579418344519016,0.6241610738255033,0.00697986577181208,0.3
30,0.3958836689038031,0.0003579418344519016,0.5967785234899329,0.00697986577181208,0.31
31,0.44993288590604025,0.00044742729306487697,0.5427293064876958,0.006890380313199105,0.32
32,0.47686800894854586,0.00044742729306487697,0.5157941834451901,0.006890380313199105,0.33
33,0.5056823266219239,0.00044742729306487697,0.48697986577181207,0.006890380313199105,0.34
34,0.5336017897091723,0.00044742729306487697,0.4590604026845638,0.006890380313199105,0.35
35,0.5600894854586129,0.00044742729306487697,0.43257270693512306,0.006890380313199105,0.36
36,0.6125279642058166,0.00044742729306487697,0.3801342281879195,0.006890380313199105,0.37
37,0.6372259507829977,0.0005369127516778523,0.3554362416107383,0.006800894854586129,0.38
38,0.657897091722595,0.0005369127516778523,0.33476510067114096,0.006800894854586129,0.39
39,0.6796420581655481,0.0005369127516778523,0.3130201342281879,0.006800894854586129,0.4
40,0.7228635346756153,0.0005369127516778523,0.2697986577181208,0.006800894854586129,0.41
41,0.7438926174496644,0.0005369127516778523,0.2487695749440716,0.006800894854586129,0.42
42,0.7629530201342282,0.0005369127516778523,0.22970917225950782,0.006800894854586129,0.43
43,0.7826398210290828,0.0005369127516778523,0.21002237136465324,0.006800894854586129,0.44
44,0.7999105145413871,0.0005369127516778523,0.192751677852349,0.006800894854586129,0.45
45,0.8332885906040268,0.0005369127516778523,0.15937360178970916,0.006800894854586129,0.46
46,0.847337807606264,0.0006263982102908277,0.14532438478747203,0.006711409395973154,0.47
47,0.8602237136465324,0.0006263982102908277,0.13243847874720358,0.006711409395973154,0.48
48,0.8730201342281879,0.0007158836689038032,0.1196420581655481,0.006621923937360179,0.49
49,0.8842953020134228,0.0008948545861297539,0.1083668903803132,0.006442953020134228,0.5
50,0.9020134228187919,0.0009843400447427293,0.09064876957494407,0.006353467561521253,0.51
51,0.9113199105145414,0.0009843400447427293,0.08134228187919464,0.006353467561521253,0.52
52,0.9212527964205817,0.0009843400447427293,0.07140939597315436,0.006353467561521253,0.53
53,0.9282326621923938,0.0010738255033557046,0.06442953020134229,0.006263982102908278,0.54
54,0.9424608501118569,0.0012527964205816555,0.0502013422818792,0.006085011185682327,0.55
55,0.9484563758389262,0.0014317673378076063,0.044205816554809846,0.005906040268456376,0.56
56,0.9537360178970917,0.0015212527964205817,0.038926174496644296,0.0058165548098434005,0.57
57,0.9588366890380313,0.001610738255033557,0.033825503355704695,0.005727069351230425,0.58
58,0.9625055928411633,0.0017002237136465323,0.030156599552572706,0.005637583892617449,0.59
59,0.9693064876957495,0.0023266219239373603,0.023355704697986576,0.005011185682326622,0.6
60,0.9727069351230425,0.002505592841163311,0.019955257270693513,0.004832214765100671,0.61
61,0.9754809843400447,0.002505592841163311,0.017181208053691274,0.004832214765100671,0.62
62,0.9776286353467561,0.0025950782997762865,0.015033557046979866,0.004742729306487696,0.63
63,0.9813870246085011,0.0028635346756152127,0.011275167785234899,0.0044742729306487695,0.64
64,0.9829082774049217,0.0028635346756152127,0.009753914988814318,0.0044742729306487695,0.65
65,0.9844295302013423,0.002953020134228188,0.008232662192393736,0.004384787472035794,0.66
66,0.9859507829977628,0.003131991051454139,0.006711409395973154,0.004205816554809843,0.67
67,0.9872035794183445,0.0033109619686800896,0.005458612975391499,0.004026845637583893,0.68
68,0.989082774049217,0.003668903803131991,0.0035794183445190158,0.003668903803131991,0.69
69,0.9892617449664429,0.003668903803131991,0.0034004474272930647,0.003668903803131991,0.7
70,0.9897091722595078,0.0037583892617449664,0.002953020134228188,0.0035794183445190158,0.71
71,0.9904250559284117,0.003847874720357942,0.0022371364653243847,0.00348993288590604,0.72
72,0.9911409395973154,0.004026845637583893,0.0015212527964205817,0.0033109619686800896,0.73
73,0.9912304250559284,0.004116331096196868,0.0014317673378076063,0.003221476510067114,0.74
74,0.9914988814317673,0.004295302013422818,0.0011633109619686801,0.0030425055928411633,0.75
75,0.9919463087248322,0.0044742729306487695,0.0007158836689038032,0.0028635346756152127,0.76
76,0.9923042505592841,0.004563758389261745,0.0003579418344519016,0.002774049217002237,0.77
77,0.9923042505592841,0.004742729306487696,0.0003579418344519016,0.0025950782997762865,0.78
78,0.99248322147651,0.005011185682326622,0.0001789709172259508,0.0023266219239373603,0.79
79,0.99248322147651,0.005100671140939597,0.0001789709172259508,0.0022371364653243847,0.8
80,0.992572706935123,0.005100671140939597,8.94854586129754e-05,0.0022371364653243847,0.81
81,0.992572706935123,0.005279642058165548,8.94854586129754e-05,0.002058165548098434,0.82
82,0.992662192393736,0.005548098434004474,0.0,0.0017897091722595079,0.83
83,0.992662192393736,0.005906040268456376,0.0,0.0014317673378076063,0.84
84,0.992662192393736,0.006085011185682327,0.0,0.0012527964205816555,0.85
85,0.992662192393736,0.006085011185682327,0.0,0.0012527964205816555,0.86
86,0.992662192393736,0.006174496644295302,0.0,0.0011633109619686801,0.87
87,0.992662192393736,0.006353467561521253,0.0,0.0009843400447427293,0.88
88,0.992662192393736,0.006532438478747204,0.0,0.0008053691275167785,0.89
89,0.992662192393736,0.006532438478747204,0.0,0.0008053691275167785,0.9
90,0.992662192393736,0.006711409395973154,0.0,0.0006263982102908277,0.91
91,0.992662192393736,0.006711409395973154,0.0,0.0006263982102908277,0.92
92,0.992662192393736,0.006890380313199105,0.0,0.00044742729306487697,0.93
93,0.992662192393736,0.0070693512304250555,0.0,0.00026845637583892615,0.94
94,0.992662192393736,0.0070693512304250555,0.0,0.00026845637583892615,0.95
95,0.992662192393736,0.0070693512304250555,0.0,0.00026845637583892615,0.96
96,0.992662192393736,0.0070693512304250555,0.0,0.00026845637583892615,0.97
97,0.992662192393736,0.0070693512304250555,0.0,0.00026845637583892615,0.98
98,0.992662192393736,0.0070693512304250555,0.0,0.00026845637583892615,0.99
99,0.992662192393736,0.0071588366890380315,0.0,0.0001789709172259508,1.0
