,tn,fp,fn,tp,percentage
0,0.0003579418344519016,0.0,0.9923042505592841,0.007337807606263982,0.01
1,0.0006263982102908277,0.0,0.9920357941834452,0.007337807606263982,0.02
2,0.0009843400447427293,0.0,0.9916778523489933,0.007337807606263982,0.03
3,0.001610738255033557,0.0,0.9910514541387024,0.007337807606263982,0.04
4,0.0017897091722595079,0.0,0.9908724832214765,0.007337807606263982,0.05
5,0.003668903803131991,0.0,0.988993288590604,0.007337807606263982,0.06
6,0.005548098434004474,0.0,0.9871140939597316,0.007337807606263982,0.07
7,0.0071588366890380315,0.0,0.9855033557046979,0.007337807606263982,0.08
8,0.011275167785234899,0.0,0.9813870246085011,0.007337807606263982,0.09
9,0.012975391498881432,0.0,0.9796868008948546,0.007337807606263982,0.1
10,0.017718120805369126,0.0,0.9749440715883669,0.007337807606263982,0.11
11,0.022013422818791945,0.0,0.9706487695749441,0.007337807606263982,0.12
12,0.02586129753914989,0.0,0.9668008948545861,0.007337807606263982,0.13
13,0.03328859060402684,0.0,0.9593736017897092,0.007337807606263982,0.14
14,0.03749440715883669,0.0,0.9551677852348993,0.007337807606263982,0.15
15,0.04599552572706935,0.0,0.9466666666666667,0.007337807606263982,0.16
16,0.05610738255033557,0.0,0.9365548098434004,0.007337807606263982,0.17
17,0.060850111856823264,8.94854586129754e-05,0.9318120805369128,0.007248322147651007,0.18
18,0.07391498881431767,8.94854586129754e-05,0.9187472035794183,0.007248322147651007,0.19
19,0.08196868008948546,8.94854586129754e-05,0.9106935123042506,0.007248322147651007,0.2
20,0.09646532438478747,8.94854586129754e-05,0.8961968680089486,0.007248322147651007,0.21
21,0.10523489932885906,8.94854586129754e-05,0.887427293064877,0.007248322147651007,0.22
22,0.1258165548098434,8.94854586129754e-05,0.8668456375838927,0.007248322147651007,0.23
23,0.14756152125279642,0.0001789709172259508,0.8451006711409396,0.0071588366890380315,0.24
24,0.15794183445190157,0.0001789709172259508,0.8347203579418344,0.0071588366890380315,0.25
25,0.1799552572706935,0.0001789709172259508,0.8127069351230425,0.0071588366890380315,0.26
26,0.19015659955257272,0.0001789709172259508,0.8025055928411633,0.0071588366890380315,0.27
27,0.21324384787472037,0.0003579418344519016,0.7794183445190157,0.00697986577181208,0.28
28,0.23731543624161075,0.0003579418344519016,0.7553467561521253,0.00697986577181208,0.29
29,0.2511856823266219,0.00044742729306487697,0.7414765100671141,0.006890380313199105,0.3
30,0.2765995525727069,0.00044742729306487697,0.7160626398210291,0.006890380313199105,0.31
31,0.291006711409396,0.00044742729306487697,0.70165548098434,0.006890380313199105,0.32
32,0.31910514541387025,0.00044742729306487697,0.6735570469798657,0.006890380313199105,0.33
33,0.34926174496644297,0.00044742729306487697,0.6434004474272931,0.006890380313199105,0.34
34,0.36340044742729305,0.00044742729306487697,0.6292617449664429,0.006890380313199105,0.35
35,0.39507829977628633,0.00044742729306487697,0.5975838926174497,0.006890380313199105,0.36
36,0.40939597315436244,0.00044742729306487697,0.5832662192393736,0.006890380313199105,0.37
37,0.43659955257270694,0.00044742729306487697,0.5560626398210291,0.006890380313199105,0.38
38,0.4708724832214765,0.00044742729306487697,0.5217897091722595,0.006890380313199105,0.39
39,0.4862639821029083,0.00044742729306487697,0.5063982102908278,0.006890380313199105,0.4
40,0.5145413870246085,0.00044742729306487697,0.47812080536912754,0.006890380313199105,0.41
41,0.5302013422818792,0.00044742729306487697,0.46246085011185684,0.006890380313199105,0.42
42,0.5592841163310962,0.00044742729306487697,0.43337807606263984,0.006890380313199105,0.43
43,0.5737807606263982,0.00044742729306487697,0.41888143176733783,0.006890380313199105,0.44
44,0.6026845637583893,0.00044742729306487697,0.38997762863534674,0.006890380313199105,0.45
45,0.6308724832214765,0.00044742729306487697,0.3617897091722595,0.006890380313199105,0.46
46,0.6460850111856823,0.0005369127516778523,0.3465771812080537,0.006800894854586129,0.47
47,0.672572706935123,0.0006263982102908277,0.320089485458613,0.006711409395973154,0.48
48,0.6844742729306488,0.0006263982102908277,0.30818791946308727,0.006711409395973154,0.49
49,0.7113199105145414,0.0006263982102908277,0.28134228187919463,0.006711409395973154,0.5
50,0.7371812080536913,0.0006263982102908277,0.25548098434004474,0.006711409395973154,0.51
51,0.74917225950783,0.0006263982102908277,0.24348993288590604,0.006711409395973154,0.52
52,0.7741387024608501,0.0006263982102908277,0.2185234899328859,0.006711409395973154,0.53
53,0.7859507829977629,0.0006263982102908277,0.20671140939597316,0.006711409395973154,0.54
54,0.8075167785234899,0.0006263982102908277,0.18514541387024608,0.006711409395973154,0.55
55,0.8280089485458613,0.0006263982102908277,0.16465324384787472,0.006711409395973154,0.56
56,0.8373154362416108,0.0006263982102908277,0.1553467561521253,0.006711409395973154,0.57
57,0.8551230425055928,0.0007158836689038032,0.13753914988814317,0.006621923937360179,0.58
58,0.8629977628635347,0.0008053691275167785,0.12966442953020135,0.006532438478747204,0.59
59,0.8784787472035794,0.0008948545861297539,0.1141834451901566,0.006442953020134228,0.6
60,0.8867114093959731,0.0009843400447427293,0.10595078299776287,0.006353467561521253,0.61
61,0.8995078299776287,0.0009843400447427293,0.09315436241610739,0.006353467561521253,0.62
62,0.9123042505592841,0.0011633109619686801,0.0803579418344519,0.006174496644295302,0.63
63,0.9168680089485458,0.0012527964205816555,0.07579418344519015,0.006085011185682327,0.64
64,0.9282326621923938,0.0015212527964205817,0.06442953020134229,0.0058165548098434005,0.65
65,0.9329753914988814,0.001610738255033557,0.059686800894854584,0.005727069351230425,0.66
66,0.9423713646532439,0.0017002237136465323,0.05029082774049217,0.005637583892617449,0.67
67,0.9515883668903803,0.002058165548098434,0.041073825503355706,0.005279642058165548,0.68
68,0.9551677852348993,0.002058165548098434,0.03749440715883669,0.005279642058165548,0.69
69,0.9621476510067114,0.0022371364653243847,0.03051454138702461,0.005100671140939597,0.7
70,0.9648322147651007,0.0022371364653243847,0.027829977628635347,0.005100671140939597,0.71
71,0.9712751677852349,0.0023266219239373603,0.02138702460850112,0.005011185682326622,0.72
72,0.9755704697986577,0.0026845637583892616,0.0170917225950783,0.004653243847874721,0.73
73,0.9777181208053691,0.0030425055928411633,0.01494407158836689,0.004295302013422818,0.74
74,0.9805816554809843,0.003221476510067114,0.012080536912751677,0.004116331096196868,0.75
75,0.9821029082774049,0.0033109619686800896,0.010559284116331096,0.004026845637583893,0.76
76,0.9843400447427293,0.0034004474272930647,0.00832214765100671,0.003937360178970917,0.77
77,0.9861297539149888,0.0037583892617449664,0.006532438478747204,0.0035794183445190158,0.78
78,0.9872930648769574,0.003847874720357942,0.005369127516778523,0.00348993288590604,0.79
79,0.9892617449664429,0.004026845637583893,0.0034004474272930647,0.0033109619686800896,0.8
80,0.9897091722595078,0.004205816554809843,0.002953020134228188,0.003131991051454139,0.81
81,0.9905145413870247,0.004295302013422818,0.002147651006711409,0.0030425055928411633,0.82
82,0.9906935123042505,0.004295302013422818,0.0019686800894854585,0.0030425055928411633,0.83
83,0.9914988814317673,0.0044742729306487695,0.0011633109619686801,0.0028635346756152127,0.84
84,0.9919463087248322,0.004653243847874721,0.0007158836689038032,0.0026845637583892616,0.85
85,0.9922147651006712,0.005011185682326622,0.00044742729306487697,0.0023266219239373603,0.86
86,0.99248322147651,0.005100671140939597,0.0001789709172259508,0.0022371364653243847,0.87
87,0.992572706935123,0.005190156599552573,8.94854586129754e-05,0.002147651006711409,0.88
88,0.992662192393736,0.005637583892617449,0.0,0.0017002237136465323,0.89
89,0.992662192393736,0.005906040268456376,0.0,0.0014317673378076063,0.9
90,0.992662192393736,0.006085011185682327,0.0,0.0012527964205816555,0.91
91,0.992662192393736,0.006263982102908278,0.0,0.0010738255033557046,0.92
92,0.992662192393736,0.006353467561521253,0.0,0.0009843400447427293,0.93
93,0.992662192393736,0.006442953020134228,0.0,0.0008948545861297539,0.94
94,0.992662192393736,0.006800894854586129,0.0,0.0005369127516778523,0.95
95,0.992662192393736,0.006890380313199105,0.0,0.00044742729306487697,0.96
96,0.992662192393736,0.0071588366890380315,0.0,0.0001789709172259508,0.97
97,0.992662192393736,0.0071588366890380315,0.0,0.0001789709172259508,0.98
98,0.992662192393736,0.007248322147651007,0.0,8.94854586129754e-05,0.99
99,0.992662192393736,0.007248322147651007,0.0,8.94854586129754e-05,1.0
