,tn,fp,fn,tp,percentage
0,0.0001789709172259508,0.0,0.99248322147651,0.007337807606263982,0.01
1,0.00044742729306487697,0.0,0.9922147651006712,0.007337807606263982,0.02
2,0.0005369127516778523,0.0,0.9921252796420582,0.007337807606263982,0.03
3,0.0007158836689038032,0.0,0.9919463087248322,0.007337807606263982,0.04
4,0.0010738255033557046,0.0,0.9915883668903803,0.007337807606263982,0.05
5,0.0017002237136465323,0.0,0.9909619686800895,0.007337807606263982,0.06
6,0.0030425055928411633,0.0,0.9896196868008948,0.007337807606263982,0.07
7,0.004653243847874721,0.0,0.9880089485458613,0.007337807606263982,0.08
8,0.006532438478747204,0.0,0.9861297539149888,0.007337807606263982,0.09
9,0.00832214765100671,0.0,0.9843400447427293,0.007337807606263982,0.1
10,0.010917225950782998,0.0,0.9817449664429531,0.007337807606263982,0.11
11,0.014317673378076063,0.0,0.97834451901566,0.007337807606263982,0.12
12,0.017360178970917226,0.0,0.9753020134228187,0.007337807606263982,0.13
13,0.021208053691275167,0.0,0.9714541387024609,0.007337807606263982,0.14
14,0.026129753914988816,0.0,0.9665324384787473,0.007337807606263982,0.15
15,0.03158836689038031,0.0,0.9610738255033557,0.007337807606263982,0.16
16,0.03803131991051454,0.0,0.9546308724832214,0.007337807606263982,0.17
17,0.0458165548098434,8.94854586129754e-05,0.9468456375838926,0.007248322147651007,0.18
18,0.05413870246085011,8.94854586129754e-05,0.9385234899328859,0.007248322147651007,0.19
19,0.06281879194630872,8.94854586129754e-05,0.9298434004474273,0.007248322147651007,0.2
20,0.07212527964205817,8.94854586129754e-05,0.9205369127516778,0.007248322147651007,0.21
21,0.08178970917225951,0.0001789709172259508,0.9108724832214765,0.0071588366890380315,0.22
22,0.09208053691275168,0.0001789709172259508,0.9005816554809843,0.0071588366890380315,0.23
23,0.1029082774049217,0.0001789709172259508,0.8897539149888143,0.0071588366890380315,0.24
24,0.1080089485458613,0.0001789709172259508,0.8846532438478747,0.0071588366890380315,0.25
25,0.1207158836689038,0.0001789709172259508,0.8719463087248323,0.0071588366890380315,0.26
26,0.13628635346756152,0.0001789709172259508,0.8563758389261745,0.0071588366890380315,0.27
27,0.14988814317673377,0.00026845637583892615,0.8427740492170023,0.0070693512304250555,0.28
28,0.16340044742729307,0.00026845637583892615,0.829261744966443,0.0070693512304250555,0.29
29,0.17736017897091721,0.0003579418344519016,0.8153020134228188,0.00697986577181208,0.3
30,0.19266219239373603,0.0003579418344519016,0.8,0.00697986577181208,0.31
31,0.20697986577181207,0.0003579418344519016,0.7856823266219239,0.00697986577181208,0.32
32,0.22317673378076064,0.0003579418344519016,0.7694854586129753,0.00697986577181208,0.33
33,0.23982102908277406,0.00044742729306487697,0.752841163310962,0.006890380313199105,0.34
34,0.2564653243847875,0.0005369127516778523,0.7361968680089486,0.006800894854586129,0.35
35,0.2716778523489933,0.0005369127516778523,0.7209843400447428,0.006800894854586129,0.36
36,0.28930648769574946,0.0005369127516778523,0.7033557046979866,0.006800894854586129,0.37
37,0.29825503355704697,0.0005369127516778523,0.694407158836689,0.006800894854586129,0.38
38,0.31651006711409396,0.0006263982102908277,0.6761521252796421,0.006711409395973154,0.39
39,0.3316331096196868,0.0006263982102908277,0.6610290827740493,0.006711409395973154,0.4
40,0.3486353467561521,0.0006263982102908277,0.644026845637584,0.006711409395973154,0.41
41,0.36590604026845636,0.0006263982102908277,0.6267561521252797,0.006711409395973154,0.42
42,0.38353467561521254,0.0006263982102908277,0.6091275167785235,0.006711409395973154,0.43
43,0.40116331096196867,0.0006263982102908277,0.5914988814317673,0.006711409395973154,0.44
44,0.41807606263982106,0.0007158836689038032,0.574586129753915,0.006621923937360179,0.45
45,0.4374049217002237,0.0007158836689038032,0.5552572706935123,0.006621923937360179,0.46
46,0.45879194630872483,0.0008053691275167785,0.5338702460850112,0.006532438478747204,0.47
47,0.47642058165548096,0.0008053691275167785,0.516241610738255,0.006532438478747204,0.48
48,0.49324384787472036,0.0010738255033557046,0.4994183445190157,0.006263982102908278,0.49
49,0.5012975391498882,0.0010738255033557046,0.49136465324384787,0.006263982102908278,0.5
50,0.5208053691275167,0.0010738255033557046,0.47185682326621925,0.006263982102908278,0.51
51,0.5402237136465324,0.0010738255033557046,0.45243847874720355,0.006263982102908278,0.52
52,0.5580313199105146,0.0010738255033557046,0.43463087248322146,0.006263982102908278,0.53
53,0.5772706935123042,0.0010738255033557046,0.4153914988814318,0.006263982102908278,0.54
54,0.5979418344519015,0.0010738255033557046,0.39472035794183447,0.006263982102908278,0.55
55,0.6175391498881432,0.0011633109619686801,0.37512304250559286,0.006174496644295302,0.56
56,0.6349888143176734,0.0013422818791946308,0.35767337807606264,0.005995525727069352,0.57
57,0.6548545861297539,0.0013422818791946308,0.3378076062639821,0.005995525727069352,0.58
58,0.6718568232662192,0.0013422818791946308,0.3208053691275168,0.005995525727069352,0.59
59,0.687069351230425,0.0013422818791946308,0.305592841163311,0.005995525727069352,0.6
60,0.7039821029082775,0.0013422818791946308,0.2886800894854586,0.005995525727069352,0.61
61,0.7191946308724833,0.0013422818791946308,0.2734675615212528,0.005995525727069352,0.62
62,0.7276062639821029,0.0013422818791946308,0.2650559284116331,0.005995525727069352,0.63
63,0.7431767337807607,0.0013422818791946308,0.24948545861297539,0.005995525727069352,0.64
64,0.7590156599552572,0.0013422818791946308,0.23364653243847874,0.005995525727069352,0.65
65,0.7738702460850112,0.0013422818791946308,0.21879194630872484,0.005995525727069352,0.66
66,0.78917225950783,0.0013422818791946308,0.20348993288590603,0.005995525727069352,0.67
67,0.8037583892617449,0.0013422818791946308,0.18890380313199104,0.005995525727069352,0.68
68,0.8161073825503355,0.0014317673378076063,0.17655480984340044,0.005906040268456376,0.69
69,0.8289038031319911,0.0014317673378076063,0.16375838926174496,0.005906040268456376,0.7
70,0.8423266219239374,0.0017002237136465323,0.15033557046979865,0.005637583892617449,0.71
71,0.8536017897091722,0.0018791946308724832,0.13906040268456377,0.005458612975391499,0.72
72,0.8655033557046979,0.0018791946308724832,0.12715883668903802,0.005458612975391499,0.73
73,0.8768680089485459,0.002147651006711409,0.11579418344519016,0.005190156599552573,0.74
74,0.8833109619686801,0.0023266219239373603,0.10935123042505593,0.005011185682326622,0.75
75,0.8935123042505593,0.002774049217002237,0.09914988814317674,0.004563758389261745,0.76
76,0.9022818791946309,0.0028635346756152127,0.09038031319910514,0.0044742729306487695,0.77
77,0.9131096196868009,0.0028635346756152127,0.07955257270693512,0.0044742729306487695,0.78
78,0.9211633109619687,0.003221476510067114,0.07149888143176734,0.004116331096196868,0.79
79,0.9283221476510067,0.0034004474272930647,0.06434004474272931,0.003937360178970917,0.8
80,0.9363758389261745,0.0035794183445190158,0.05628635346756152,0.0037583892617449664,0.81
81,0.9438031319910515,0.0037583892617449664,0.04885906040268456,0.0035794183445190158,0.82
82,0.9514093959731543,0.003937360178970917,0.041252796420581654,0.0034004474272930647,0.83
83,0.9569574944071588,0.004116331096196868,0.03570469798657718,0.003221476510067114,0.84
84,0.9624161073825503,0.004116331096196868,0.030246085011185683,0.003221476510067114,0.85
85,0.9676957494407159,0.004295302013422818,0.024966442953020133,0.0030425055928411633,0.86
86,0.9722595078299776,0.004563758389261745,0.020402684563758388,0.002774049217002237,0.87
87,0.9742281879194631,0.004653243847874721,0.01843400447427293,0.0026845637583892616,0.88
88,0.978523489932886,0.004832214765100671,0.014138702460850111,0.002505592841163311,0.89
89,0.9815659955257271,0.005011185682326622,0.011096196868008949,0.0023266219239373603,0.9
90,0.9839821029082774,0.005369127516778523,0.008680089485458613,0.0019686800894854585,0.91
91,0.9858612975391499,0.005458612975391499,0.006800894854586129,0.0018791946308724832,0.92
92,0.9879194630872483,0.005906040268456376,0.004742729306487696,0.0014317673378076063,0.93
93,0.988903803131991,0.005906040268456376,0.0037583892617449664,0.0014317673378076063,0.94
94,0.9899776286353468,0.005906040268456376,0.0026845637583892616,0.0014317673378076063,0.95
95,0.9913199105145414,0.006263982102908278,0.0013422818791946308,0.0010738255033557046,0.96
96,0.9916778523489933,0.006532438478747204,0.0009843400447427293,0.0008053691275167785,0.97
97,0.992393736017897,0.006711409395973154,0.00026845637583892615,0.0006263982102908277,0.98
98,0.992572706935123,0.0070693512304250555,8.94854586129754e-05,0.00026845637583892615,0.99
99,0.992662192393736,0.007248322147651007,0.0,8.94854586129754e-05,1.0
