,tn,fp,fn,tp,percentage
0,0.0003579418344519016,0.0,0.9923042505592841,0.007337807606263982,0.01
1,0.0003579418344519016,0.0,0.9923042505592841,0.007337807606263982,0.02
2,0.0008948545861297539,0.0,0.9917673378076063,0.007337807606263982,0.03
3,0.0011633109619686801,0.0,0.9914988814317673,0.007337807606263982,0.04
4,0.0018791946308724832,0.0,0.9907829977628635,0.007337807606263982,0.05
5,0.0034004474272930647,0.0,0.9892617449664429,0.007337807606263982,0.06
6,0.004653243847874721,0.0,0.9880089485458613,0.007337807606263982,0.07
7,0.005995525727069352,0.0,0.9866666666666667,0.007337807606263982,0.08
8,0.00796420581655481,0.0,0.9846979865771812,0.007337807606263982,0.09
9,0.015659955257270694,0.0,0.9770022371364653,0.007337807606263982,0.1
10,0.021297539149888144,0.0,0.9713646532438479,0.007337807606263982,0.11
11,0.027651006711409395,8.94854586129754e-05,0.9650111856823266,0.007248322147651007,0.12
12,0.03615212527964206,0.0001789709172259508,0.9565100671140939,0.0071588366890380315,0.13
13,0.04483221476510067,0.0001789709172259508,0.9478299776286353,0.0071588366890380315,0.14
14,0.05503355704697987,0.0001789709172259508,0.9376286353467561,0.0071588366890380315,0.15
15,0.06738255033557047,0.0001789709172259508,0.9252796420581656,0.0071588366890380315,0.16
16,0.0803579418344519,0.0001789709172259508,0.9123042505592841,0.0071588366890380315,0.17
17,0.09485458612975392,0.0001789709172259508,0.8978076062639821,0.0071588366890380315,0.18
18,0.13190156599552572,0.00026845637583892615,0.8607606263982103,0.0070693512304250555,0.19
19,0.15131991051454138,0.0003579418344519016,0.8413422818791946,0.00697986577181208,0.2
20,0.17208053691275169,0.0003579418344519016,0.8205816554809844,0.00697986577181208,0.21
21,0.1959731543624161,0.0003579418344519016,0.79668903803132,0.00697986577181208,0.22
22,0.22076062639821029,0.0003579418344519016,0.7719015659955257,0.00697986577181208,0.23
23,0.24787472035794184,0.0003579418344519016,0.7447874720357942,0.00697986577181208,0.24
24,0.2739149888143177,0.0003579418344519016,0.7187472035794183,0.00697986577181208,0.25
25,0.3043400447427293,0.0003579418344519016,0.6883221476510067,0.00697986577181208,0.26
26,0.33727069351230426,0.0003579418344519016,0.6553914988814318,0.00697986577181208,0.27
27,0.40232662192393737,0.0003579418344519016,0.5903355704697987,0.00697986577181208,0.28
28,0.4348993288590604,0.00044742729306487697,0.5577628635346756,0.006890380313199105,0.29
29,0.46568232662192394,0.00044742729306487697,0.5269798657718121,0.006890380313199105,0.3
30,0.4973601789709172,0.00044742729306487697,0.49530201342281877,0.006890380313199105,0.31
31,0.5333333333333333,0.00044742729306487697,0.45932885906040266,0.006890380313199105,0.32
32,0.5634004474272931,0.00044742729306487697,0.4292617449664429,0.006890380313199105,0.33
33,0.5952572706935123,0.0005369127516778523,0.39740492170022373,0.006800894854586129,0.34
34,0.6237136465324384,0.0005369127516778523,0.36894854586129755,0.006800894854586129,0.35
35,0.6514541387024608,0.0005369127516778523,0.34120805369127516,0.006800894854586129,0.36
36,0.7049664429530201,0.0005369127516778523,0.2876957494407159,0.006800894854586129,0.37
37,0.7326174496644295,0.0005369127516778523,0.2600447427293065,0.006800894854586129,0.38
38,0.756152125279642,0.0005369127516778523,0.23651006711409395,0.006800894854586129,0.39
39,0.778076062639821,0.0005369127516778523,0.214586129753915,0.006800894854586129,0.4
40,0.7990156599552573,0.0005369127516778523,0.19364653243847874,0.006800894854586129,0.41
41,0.8177181208053691,0.0005369127516778523,0.1749440715883669,0.006800894854586129,0.42
42,0.8374944071588367,0.0005369127516778523,0.15516778523489932,0.006800894854586129,0.43
43,0.8557494407158837,0.0005369127516778523,0.13691275167785236,0.006800894854586129,0.44
44,0.8715883668903803,0.0006263982102908277,0.1210738255033557,0.006711409395973154,0.45
45,0.8964653243847874,0.0008053691275167785,0.09619686800894854,0.006532438478747204,0.46
46,0.9085458612975391,0.0008948545861297539,0.08411633109619687,0.006442953020134228,0.47
47,0.9186577181208053,0.0010738255033557046,0.07400447427293065,0.006263982102908278,0.48
48,0.9267114093959732,0.0011633109619686801,0.06595078299776286,0.006174496644295302,0.49
49,0.9336017897091723,0.0014317673378076063,0.05906040268456376,0.005906040268456376,0.5
50,0.9412975391498881,0.0014317673378076063,0.051364653243847876,0.005906040268456376,0.51
51,0.9484563758389262,0.0014317673378076063,0.044205816554809846,0.005906040268456376,0.52
52,0.9539149888143177,0.0017897091722595079,0.03874720357941835,0.005548098434004474,0.53
53,0.9602684563758389,0.0018791946308724832,0.03239373601789709,0.005458612975391499,0.54
54,0.9677852348993289,0.002147651006711409,0.02487695749440716,0.005190156599552573,0.55
55,0.9715436241610739,0.0022371364653243847,0.021118568232662192,0.005100671140939597,0.56
56,0.974675615212528,0.002505592841163311,0.017986577181208052,0.004832214765100671,0.57
57,0.9769127516778523,0.0026845637583892616,0.01574944071588367,0.004653243847874721,0.58
58,0.9789709172259508,0.0026845637583892616,0.013691275167785235,0.004653243847874721,0.59
59,0.9812975391498882,0.002774049217002237,0.011364653243847875,0.004563758389261745,0.6
60,0.9832662192393736,0.0028635346756152127,0.009395973154362415,0.0044742729306487695,0.61
61,0.9851454138702461,0.0028635346756152127,0.007516778523489933,0.0044742729306487695,0.62
62,0.9863982102908277,0.0028635346756152127,0.006263982102908278,0.0044742729306487695,0.63
63,0.9879194630872483,0.003221476510067114,0.004742729306487696,0.004116331096196868,0.64
64,0.9884563758389262,0.00348993288590604,0.004205816554809843,0.003847874720357942,0.65
65,0.9892617449664429,0.0035794183445190158,0.0034004474272930647,0.0037583892617449664,0.66
66,0.9898881431767338,0.003668903803131991,0.002774049217002237,0.003668903803131991,0.67
67,0.9906935123042505,0.0037583892617449664,0.0019686800894854585,0.0035794183445190158,0.68
68,0.9912304250559284,0.004116331096196868,0.0014317673378076063,0.003221476510067114,0.69
69,0.9917673378076063,0.004116331096196868,0.0008948545861297539,0.003221476510067114,0.7
70,0.9918568232662193,0.0044742729306487695,0.0008053691275167785,0.0028635346756152127,0.71
71,0.9921252796420582,0.0044742729306487695,0.0005369127516778523,0.0028635346756152127,0.72
72,0.9922147651006712,0.004653243847874721,0.00044742729306487697,0.0026845637583892616,0.73
73,0.992393736017897,0.004653243847874721,0.00026845637583892615,0.0026845637583892616,0.74
74,0.992393736017897,0.004742729306487696,0.00026845637583892615,0.0025950782997762865,0.75
75,0.99248322147651,0.004921700223713647,0.0001789709172259508,0.0024161073825503354,0.76
76,0.99248322147651,0.005100671140939597,0.0001789709172259508,0.0022371364653243847,0.77
77,0.992572706935123,0.005369127516778523,8.94854586129754e-05,0.0019686800894854585,0.78
78,0.992572706935123,0.005637583892617449,8.94854586129754e-05,0.0017002237136465323,0.79
79,0.992662192393736,0.0058165548098434005,0.0,0.0015212527964205817,0.8
80,0.992662192393736,0.005906040268456376,0.0,0.0014317673378076063,0.81
81,0.992662192393736,0.006174496644295302,0.0,0.0011633109619686801,0.82
82,0.992662192393736,0.006353467561521253,0.0,0.0009843400447427293,0.83
83,0.992662192393736,0.006442953020134228,0.0,0.0008948545861297539,0.84
84,0.992662192393736,0.006442953020134228,0.0,0.0008948545861297539,0.85
85,0.992662192393736,0.006532438478747204,0.0,0.0008053691275167785,0.86
86,0.992662192393736,0.006621923937360179,0.0,0.0007158836689038032,0.87
87,0.992662192393736,0.006621923937360179,0.0,0.0007158836689038032,0.88
88,0.992662192393736,0.006711409395973154,0.0,0.0006263982102908277,0.89
89,0.992662192393736,0.006800894854586129,0.0,0.0005369127516778523,0.9
90,0.992662192393736,0.00697986577181208,0.0,0.0003579418344519016,0.91
91,0.992662192393736,0.00697986577181208,0.0,0.0003579418344519016,0.92
92,0.992662192393736,0.00697986577181208,0.0,0.0003579418344519016,0.93
93,0.992662192393736,0.0071588366890380315,0.0,0.0001789709172259508,0.94
94,0.992662192393736,0.0071588366890380315,0.0,0.0001789709172259508,0.95
95,0.992662192393736,0.0071588366890380315,0.0,0.0001789709172259508,0.96
96,0.992662192393736,0.0071588366890380315,0.0,0.0001789709172259508,0.97
97,0.992662192393736,0.0071588366890380315,0.0,0.0001789709172259508,0.98
98,0.992662192393736,0.007248322147651007,0.0,8.94854586129754e-05,0.99
99,0.992662192393736,0.007248322147651007,0.0,8.94854586129754e-05,1.0
