,tn,fp,fn,tp,percentage
0,0.00044742729306487697,0.0,0.9922147651006712,0.007337807606263982,0.01
1,0.0005369127516778523,0.0,0.9921252796420582,0.007337807606263982,0.02
2,0.0008053691275167785,0.0,0.9918568232662193,0.007337807606263982,0.03
3,0.0015212527964205817,0.0,0.9911409395973154,0.007337807606263982,0.04
4,0.0022371364653243847,0.0,0.9904250559284117,0.007337807606263982,0.05
5,0.00348993288590604,0.0,0.9891722595078299,0.007337807606263982,0.06
6,0.005637583892617449,0.0,0.9870246085011186,0.007337807606263982,0.07
7,0.00697986577181208,0.0,0.9856823266219239,0.007337807606263982,0.08
8,0.010827740492170022,0.0,0.981834451901566,0.007337807606263982,0.09
9,0.013870246085011185,0.0,0.9787919463087248,0.007337807606263982,0.1
10,0.019149888143176735,0.0,0.9735123042505592,0.007337807606263982,0.11
11,0.02774049217002237,8.94854586129754e-05,0.9649217002237136,0.007248322147651007,0.12
12,0.036062639821029085,0.0001789709172259508,0.9565995525727069,0.0071588366890380315,0.13
13,0.04590604026845638,0.0001789709172259508,0.9467561521252796,0.0071588366890380315,0.14
14,0.0567337807606264,0.0001789709172259508,0.9359284116331096,0.0071588366890380315,0.15
15,0.0705145413870246,0.0001789709172259508,0.9221476510067114,0.0071588366890380315,0.16
16,0.08447427293064877,0.0001789709172259508,0.9081879194630873,0.0071588366890380315,0.17
17,0.10281879194630872,0.0001789709172259508,0.8898434004474273,0.0071588366890380315,0.18
18,0.1243847874720358,0.0001789709172259508,0.8682774049217002,0.0071588366890380315,0.19
19,0.14442953020134228,0.00026845637583892615,0.8482326621923937,0.0070693512304250555,0.2
20,0.1676062639821029,0.00026845637583892615,0.8250559284116331,0.0070693512304250555,0.21
21,0.19221476510067115,0.0003579418344519016,0.8004474272930648,0.00697986577181208,0.22
22,0.22102908277404923,0.0003579418344519016,0.7716331096196868,0.00697986577181208,0.23
23,0.2502013422818792,0.0003579418344519016,0.7424608501118568,0.00697986577181208,0.24
24,0.2839373601789709,0.0003579418344519016,0.7087248322147651,0.00697986577181208,0.25
25,0.3503355704697987,0.0003579418344519016,0.6423266219239374,0.00697986577181208,0.26
26,0.3839821029082774,0.0003579418344519016,0.6086800894854586,0.00697986577181208,0.27
27,0.4232662192393736,0.0003579418344519016,0.5693959731543624,0.00697986577181208,0.28
28,0.4589709172259508,0.0003579418344519016,0.5336912751677853,0.00697986577181208,0.29
29,0.49521252796420584,0.00044742729306487697,0.4974496644295302,0.006890380313199105,0.3
30,0.5322595078299777,0.0005369127516778523,0.4604026845637584,0.006800894854586129,0.31
31,0.5659955257270693,0.0005369127516778523,0.4266666666666667,0.006800894854586129,0.32
32,0.5984787472035794,0.0005369127516778523,0.3941834451901566,0.006800894854586129,0.33
33,0.6332885906040269,0.0005369127516778523,0.3593736017897092,0.006800894854586129,0.34
34,0.6626398210290828,0.0005369127516778523,0.33002237136465323,0.006800894854586129,0.35
35,0.6953914988814318,0.0005369127516778523,0.29727069351230423,0.006800894854586129,0.36
36,0.7241163310961969,0.0005369127516778523,0.26854586129753916,0.006800894854586129,0.37
37,0.7510514541387024,0.0005369127516778523,0.24161073825503357,0.006800894854586129,0.38
38,0.7755704697986577,0.0005369127516778523,0.2170917225950783,0.006800894854586129,0.39
39,0.8001789709172259,0.0005369127516778523,0.19248322147651006,0.006800894854586129,0.4
40,0.8229977628635347,0.0005369127516778523,0.16966442953020133,0.006800894854586129,0.41
41,0.8427740492170023,0.0005369127516778523,0.14988814317673377,0.006800894854586129,0.42
42,0.8629977628635347,0.0008948545861297539,0.12966442953020135,0.006442953020134228,0.43
43,0.879910514541387,0.0008948545861297539,0.11275167785234899,0.006442953020134228,0.44
44,0.8927964205816554,0.0009843400447427293,0.09986577181208053,0.006353467561521253,0.45
45,0.905324384787472,0.0009843400447427293,0.08733780760626399,0.006353467561521253,0.46
46,0.916241610738255,0.0012527964205816555,0.07642058165548099,0.006085011185682327,0.47
47,0.9268008948545862,0.0015212527964205817,0.06586129753914989,0.0058165548098434005,0.48
48,0.9354809843400448,0.0015212527964205817,0.05718120805369128,0.0058165548098434005,0.49
49,0.9431767337807606,0.0017002237136465323,0.04948545861297539,0.005637583892617449,0.5
50,0.9566890380313199,0.0018791946308724832,0.035973154362416104,0.005458612975391499,0.51
51,0.9614317673378076,0.002058165548098434,0.03123042505592841,0.005279642058165548,0.52
52,0.9665324384787473,0.002147651006711409,0.026129753914988816,0.005190156599552573,0.53
53,0.9696644295302014,0.0024161073825503354,0.022997762863534676,0.004921700223713647,0.54
54,0.9727069351230425,0.0025950782997762865,0.019955257270693513,0.004742729306487696,0.55
55,0.9758389261744966,0.0026845637583892616,0.016823266219239373,0.004653243847874721,0.56
56,0.9777181208053691,0.002774049217002237,0.01494407158836689,0.004563758389261745,0.57
57,0.9802237136465325,0.0028635346756152127,0.01243847874720358,0.0044742729306487695,0.58
58,0.9823713646532438,0.0028635346756152127,0.01029082774049217,0.0044742729306487695,0.59
59,0.9837136465324384,0.003131991051454139,0.008948545861297539,0.004205816554809843,0.6
60,0.9855928411633109,0.003131991051454139,0.0070693512304250555,0.004205816554809843,0.61
61,0.9867561521252797,0.003221476510067114,0.005906040268456376,0.004116331096196868,0.62
62,0.9880089485458613,0.0033109619686800896,0.004653243847874721,0.004026845637583893,0.63
63,0.9885458612975392,0.0035794183445190158,0.004116331096196868,0.0037583892617449664,0.64
64,0.9894407158836689,0.003668903803131991,0.003221476510067114,0.003668903803131991,0.65
65,0.9900671140939598,0.003668903803131991,0.0025950782997762865,0.003668903803131991,0.66
66,0.9906040268456375,0.003937360178970917,0.002058165548098434,0.0034004474272930647,0.67
67,0.9911409395973154,0.004026845637583893,0.0015212527964205817,0.0033109619686800896,0.68
68,0.9915883668903803,0.004295302013422818,0.0010738255033557046,0.0030425055928411633,0.69
69,0.9918568232662193,0.004295302013422818,0.0008053691275167785,0.0030425055928411633,0.7
70,0.9920357941834452,0.004384787472035794,0.0006263982102908277,0.002953020134228188,0.71
71,0.9920357941834452,0.004653243847874721,0.0006263982102908277,0.0026845637583892616,0.72
72,0.9921252796420582,0.004653243847874721,0.0005369127516778523,0.0026845637583892616,0.73
73,0.9922147651006712,0.005011185682326622,0.00044742729306487697,0.0023266219239373603,0.74
74,0.992393736017897,0.005100671140939597,0.00026845637583892615,0.0022371364653243847,0.75
75,0.992393736017897,0.005458612975391499,0.00026845637583892615,0.0018791946308724832,0.76
76,0.99248322147651,0.005727069351230425,0.0001789709172259508,0.001610738255033557,0.77
77,0.992572706935123,0.005995525727069352,8.94854586129754e-05,0.0013422818791946308,0.78
78,0.992572706935123,0.006085011185682327,8.94854586129754e-05,0.0012527964205816555,0.79
79,0.992572706935123,0.006085011185682327,8.94854586129754e-05,0.0012527964205816555,0.8
80,0.992572706935123,0.006263982102908278,8.94854586129754e-05,0.0010738255033557046,0.81
81,0.992662192393736,0.006353467561521253,0.0,0.0009843400447427293,0.82
82,0.992662192393736,0.006442953020134228,0.0,0.0008948545861297539,0.83
83,0.992662192393736,0.006442953020134228,0.0,0.0008948545861297539,0.84
84,0.992662192393736,0.006621923937360179,0.0,0.0007158836689038032,0.85
85,0.992662192393736,0.006711409395973154,0.0,0.0006263982102908277,0.86
86,0.992662192393736,0.006800894854586129,0.0,0.0005369127516778523,0.87
87,0.992662192393736,0.006800894854586129,0.0,0.0005369127516778523,0.88
88,0.992662192393736,0.006890380313199105,0.0,0.00044742729306487697,0.89
89,0.992662192393736,0.006890380313199105,0.0,0.00044742729306487697,0.9
90,0.992662192393736,0.006890380313199105,0.0,0.00044742729306487697,0.91
91,0.992662192393736,0.006890380313199105,0.0,0.00044742729306487697,0.92
92,0.992662192393736,0.00697986577181208,0.0,0.0003579418344519016,0.93
93,0.992662192393736,0.0070693512304250555,0.0,0.00026845637583892615,0.94
94,0.992662192393736,0.0070693512304250555,0.0,0.00026845637583892615,0.95
95,0.992662192393736,0.0071588366890380315,0.0,0.0001789709172259508,0.96
96,0.992662192393736,0.0071588366890380315,0.0,0.0001789709172259508,0.97
97,0.992662192393736,0.0071588366890380315,0.0,0.0001789709172259508,0.98
98,0.992662192393736,0.0071588366890380315,0.0,0.0001789709172259508,0.99
99,0.992662192393736,0.007248322147651007,0.0,8.94854586129754e-05,1.0
