,tn,fp,fn,tp,percentage
0,0.00026845637583892615,0.0,0.992393736017897,0.007337807606263982,0.01
1,0.0005369127516778523,0.0,0.9921252796420582,0.007337807606263982,0.02
2,0.0008948545861297539,0.0,0.9917673378076063,0.007337807606263982,0.03
3,0.0011633109619686801,0.0,0.9914988814317673,0.007337807606263982,0.04
4,0.0019686800894854585,0.0,0.9906935123042505,0.007337807606263982,0.05
5,0.0035794183445190158,0.0,0.989082774049217,0.007337807606263982,0.06
6,0.0058165548098434005,0.0,0.9868456375838927,0.007337807606263982,0.07
7,0.008232662192393736,0.0,0.9844295302013423,0.007337807606263982,0.08
8,0.010827740492170022,0.0,0.981834451901566,0.007337807606263982,0.09
9,0.01664429530201342,0.0,0.9760178970917226,0.007337807606263982,0.1
10,0.023176733780760628,0.0,0.9694854586129754,0.007337807606263982,0.11
11,0.03185682326621924,8.94854586129754e-05,0.9608053691275168,0.007248322147651007,0.12
12,0.04170022371364653,8.94854586129754e-05,0.9509619686800895,0.007248322147651007,0.13
13,0.05261744966442953,0.0001789709172259508,0.9400447427293065,0.0071588366890380315,0.14
14,0.06648769574944072,0.0001789709172259508,0.9261744966442953,0.0071588366890380315,0.15
15,0.08214765100671141,0.0001789709172259508,0.9105145413870246,0.0071588366890380315,0.16
16,0.10031319910514541,0.0001789709172259508,0.8923489932885906,0.0071588366890380315,0.17
17,0.1210738255033557,0.0001789709172259508,0.8715883668903803,0.0071588366890380315,0.18
18,0.1432662192393736,0.0001789709172259508,0.8493959731543624,0.0071588366890380315,0.19
19,0.16939597315436242,0.0003579418344519016,0.8232662192393736,0.00697986577181208,0.2
20,0.1970469798657718,0.0003579418344519016,0.7956152125279642,0.00697986577181208,0.21
21,0.2272930648769575,0.0003579418344519016,0.7653691275167785,0.00697986577181208,0.22
22,0.2595973154362416,0.0003579418344519016,0.7330648769574944,0.00697986577181208,0.23
23,0.2973601789709172,0.0003579418344519016,0.6953020134228188,0.00697986577181208,0.24
24,0.3338702460850112,0.0003579418344519016,0.6587919463087248,0.00697986577181208,0.25
25,0.37154362416107384,0.0003579418344519016,0.6211185682326622,0.00697986577181208,0.26
26,0.41082774049217,0.0003579418344519016,0.581834451901566,0.00697986577181208,0.27
27,0.4534228187919463,0.0003579418344519016,0.5392393736017898,0.00697986577181208,0.28
28,0.4936912751677852,0.0003579418344519016,0.49897091722595077,0.00697986577181208,0.29
29,0.530917225950783,0.0005369127516778523,0.46174496644295304,0.006800894854586129,0.3
30,0.5714541387024609,0.0005369127516778523,0.4212080536912752,0.006800894854586129,0.31
31,0.6089485458612975,0.0005369127516778523,0.3837136465324385,0.006800894854586129,0.32
32,0.6429530201342282,0.0005369127516778523,0.3497091722595078,0.006800894854586129,0.33
33,0.6779418344519016,0.0005369127516778523,0.31472035794183445,0.006800894854586129,0.34
34,0.7097986577181208,0.0005369127516778523,0.2828635346756152,0.006800894854586129,0.35
35,0.7413870246085011,0.0005369127516778523,0.2512751677852349,0.006800894854586129,0.36
36,0.7702013422818792,0.0005369127516778523,0.22246085011185682,0.006800894854586129,0.37
37,0.7961521252796421,0.0005369127516778523,0.19651006711409397,0.006800894854586129,0.38
38,0.821834451901566,0.0006263982102908277,0.17082774049217003,0.006711409395973154,0.39
39,0.8442058165548099,0.0007158836689038032,0.14845637583892618,0.006621923937360179,0.4
40,0.8646085011185682,0.0008053691275167785,0.12805369127516777,0.006532438478747204,0.41
41,0.8818791946308725,0.0008948545861297539,0.11078299776286353,0.006442953020134228,0.42
42,0.8944071588366891,0.0010738255033557046,0.09825503355704698,0.006263982102908278,0.43
43,0.9081879194630873,0.0013422818791946308,0.08447427293064877,0.005995525727069352,0.44
44,0.9209843400447427,0.0014317673378076063,0.07167785234899329,0.005906040268456376,0.45
45,0.930648769574944,0.0015212527964205817,0.06201342281879195,0.0058165548098434005,0.46
46,0.9389709172259508,0.001610738255033557,0.053691275167785234,0.005727069351230425,0.47
47,0.9467561521252796,0.0017897091722595079,0.04590604026845638,0.005548098434004474,0.48
48,0.9544519015659956,0.002058165548098434,0.038210290827740495,0.005279642058165548,0.49
49,0.9607158836689038,0.0022371364653243847,0.031946308724832215,0.005100671140939597,0.5
50,0.9646532438478748,0.0023266219239373603,0.028008948545861296,0.005011185682326622,0.51
51,0.9693064876957495,0.002505592841163311,0.023355704697986576,0.004832214765100671,0.52
52,0.9727069351230425,0.0026845637583892616,0.019955257270693513,0.004653243847874721,0.53
53,0.9754809843400447,0.002774049217002237,0.017181208053691274,0.004563758389261745,0.54
54,0.9778076062639821,0.0028635346756152127,0.014854586129753915,0.0044742729306487695,0.55
55,0.9795078299776286,0.002953020134228188,0.013154362416107382,0.004384787472035794,0.56
56,0.9816554809843401,0.002953020134228188,0.011006711409395973,0.004384787472035794,0.57
57,0.9838926174496644,0.002953020134228188,0.008769574944071589,0.004384787472035794,0.58
58,0.9854138702460851,0.002953020134228188,0.007248322147651007,0.004384787472035794,0.59
59,0.9863982102908277,0.003131991051454139,0.006263982102908278,0.004205816554809843,0.6
60,0.9879194630872483,0.0034004474272930647,0.004742729306487696,0.003937360178970917,0.61
61,0.9885458612975392,0.003668903803131991,0.004116331096196868,0.003668903803131991,0.62
62,0.9891722595078299,0.0037583892617449664,0.00348993288590604,0.0035794183445190158,0.63
63,0.9896196868008948,0.0037583892617449664,0.0030425055928411633,0.0035794183445190158,0.64
64,0.9908724832214765,0.004026845637583893,0.0017897091722595079,0.0033109619686800896,0.65
65,0.9913199105145414,0.004205816554809843,0.0013422818791946308,0.003131991051454139,0.66
66,0.9918568232662193,0.004295302013422818,0.0008053691275167785,0.0030425055928411633,0.67
67,0.9920357941834452,0.004384787472035794,0.0006263982102908277,0.002953020134228188,0.68
68,0.9920357941834452,0.004563758389261745,0.0006263982102908277,0.002774049217002237,0.69
69,0.9920357941834452,0.004742729306487696,0.0006263982102908277,0.0025950782997762865,0.7
70,0.9921252796420582,0.004921700223713647,0.0005369127516778523,0.0024161073825503354,0.71
71,0.9923042505592841,0.005011185682326622,0.0003579418344519016,0.0023266219239373603,0.72
72,0.992393736017897,0.005369127516778523,0.00026845637583892615,0.0019686800894854585,0.73
73,0.99248322147651,0.005369127516778523,0.0001789709172259508,0.0019686800894854585,0.74
74,0.992572706935123,0.005548098434004474,8.94854586129754e-05,0.0017897091722595079,0.75
75,0.992572706935123,0.005906040268456376,8.94854586129754e-05,0.0014317673378076063,0.76
76,0.992572706935123,0.005995525727069352,8.94854586129754e-05,0.0013422818791946308,0.77
77,0.992662192393736,0.006174496644295302,0.0,0.0011633109619686801,0.78
78,0.992662192393736,0.006174496644295302,0.0,0.0011633109619686801,0.79
79,0.992662192393736,0.006263982102908278,0.0,0.0010738255033557046,0.8
80,0.992662192393736,0.006442953020134228,0.0,0.0008948545861297539,0.81
81,0.992662192393736,0.006621923937360179,0.0,0.0007158836689038032,0.82
82,0.992662192393736,0.006711409395973154,0.0,0.0006263982102908277,0.83
83,0.992662192393736,0.006711409395973154,0.0,0.0006263982102908277,0.84
84,0.992662192393736,0.006800894854586129,0.0,0.0005369127516778523,0.85
85,0.992662192393736,0.006890380313199105,0.0,0.00044742729306487697,0.86
86,0.992662192393736,0.006890380313199105,0.0,0.00044742729306487697,0.87
87,0.992662192393736,0.006890380313199105,0.0,0.00044742729306487697,0.88
88,0.992662192393736,0.006890380313199105,0.0,0.00044742729306487697,0.89
89,0.992662192393736,0.006890380313199105,0.0,0.00044742729306487697,0.9
90,0.992662192393736,0.00697986577181208,0.0,0.0003579418344519016,0.91
91,0.992662192393736,0.00697986577181208,0.0,0.0003579418344519016,0.92
92,0.992662192393736,0.00697986577181208,0.0,0.0003579418344519016,0.93
93,0.992662192393736,0.0070693512304250555,0.0,0.00026845637583892615,0.94
94,0.992662192393736,0.0071588366890380315,0.0,0.0001789709172259508,0.95
95,0.992662192393736,0.007248322147651007,0.0,8.94854586129754e-05,0.96
96,0.992662192393736,0.007248322147651007,0.0,8.94854586129754e-05,0.97
97,0.992662192393736,0.007248322147651007,0.0,8.94854586129754e-05,0.98
98,0.992662192393736,0.007248322147651007,0.0,8.94854586129754e-05,0.99
99,0.992662192393736,0.007248322147651007,0.0,8.94854586129754e-05,1.0
