,tn,fp,fn,tp,percentage
0,8.94854586129754e-05,0.0,0.992572706935123,0.007337807606263982,0.01
1,0.00026845637583892615,0.0,0.992393736017897,0.007337807606263982,0.02
2,0.00044742729306487697,0.0,0.9922147651006712,0.007337807606263982,0.03
3,0.0010738255033557046,0.0,0.9915883668903803,0.007337807606263982,0.04
4,0.0013422818791946308,0.0,0.9913199105145414,0.007337807606263982,0.05
5,0.0025950782997762865,0.0,0.9900671140939598,0.007337807606263982,0.06
6,0.004653243847874721,0.0,0.9880089485458613,0.007337807606263982,0.07
7,0.006263982102908278,0.0,0.9863982102908277,0.007337807606263982,0.08
8,0.009217002237136465,0.0,0.9834451901565996,0.007337807606263982,0.09
9,0.013512304250559284,0.0,0.9791498881431767,0.007337807606263982,0.1
10,0.020044742729306488,0.0,0.9726174496644295,0.007337807606263982,0.11
11,0.0287248322147651,8.94854586129754e-05,0.9639373601789709,0.007248322147651007,0.12
12,0.04044742729306488,0.0001789709172259508,0.9522147651006712,0.0071588366890380315,0.13
13,0.0502013422818792,0.0001789709172259508,0.9424608501118569,0.0071588366890380315,0.14
14,0.06541387024608501,0.0001789709172259508,0.927248322147651,0.0071588366890380315,0.15
15,0.08116331096196867,0.0001789709172259508,0.9114988814317674,0.0071588366890380315,0.16
16,0.10102908277404922,0.0001789709172259508,0.8916331096196868,0.0071588366890380315,0.17
17,0.12313199105145414,0.0001789709172259508,0.8695302013422819,0.0071588366890380315,0.18
18,0.14979865771812081,0.00026845637583892615,0.8428635346756153,0.0070693512304250555,0.19
19,0.17771812080536914,0.0003579418344519016,0.8149440715883669,0.00697986577181208,0.2
20,0.2083221476510067,0.0003579418344519016,0.7843400447427293,0.00697986577181208,0.21
21,0.24277404921700224,0.0003579418344519016,0.7498881431767338,0.00697986577181208,0.22
22,0.28008948545861295,0.0003579418344519016,0.7125727069351231,0.00697986577181208,0.23
23,0.31785234899328857,0.0003579418344519016,0.6748098434004475,0.00697986577181208,0.24
24,0.3591946308724832,0.0003579418344519016,0.6334675615212528,0.00697986577181208,0.25
25,0.4022371364653244,0.0003579418344519016,0.5904250559284117,0.00697986577181208,0.26
26,0.44599552572706935,0.0003579418344519016,0.5466666666666666,0.00697986577181208,0.27
27,0.49154362416107383,0.0003579418344519016,0.5011185682326622,0.00697986577181208,0.28
28,0.5341387024608502,0.0003579418344519016,0.4585234899328859,0.00697986577181208,0.29
29,0.5763758389261745,0.0005369127516778523,0.41628635346756154,0.006800894854586129,0.3
30,0.6157494407158837,0.0005369127516778523,0.3769127516778524,0.006800894854586129,0.31
31,0.6517225950782998,0.0005369127516778523,0.3409395973154362,0.006800894854586129,0.32
32,0.6893959731543624,0.0005369127516778523,0.3032662192393736,0.006800894854586129,0.33
33,0.723400447427293,0.0005369127516778523,0.26926174496644295,0.006800894854586129,0.34
34,0.7573154362416107,0.0005369127516778523,0.23534675615212527,0.006800894854586129,0.35
35,0.7860402684563759,0.0005369127516778523,0.20662192393736017,0.006800894854586129,0.36
36,0.8129753914988814,0.0006263982102908277,0.1796868008948546,0.006711409395973154,0.37
37,0.8389261744966443,0.0006263982102908277,0.1537360178970917,0.006711409395973154,0.38
38,0.8615659955257271,0.0008948545861297539,0.13109619686800894,0.006442953020134228,0.39
39,0.8806263982102909,0.0009843400447427293,0.11203579418344518,0.006353467561521253,0.4
40,0.8961073825503356,0.0010738255033557046,0.09655480984340045,0.006263982102908278,0.41
41,0.908993288590604,0.0013422818791946308,0.083668903803132,0.005995525727069352,0.42
42,0.9225055928411633,0.001610738255033557,0.07015659955257271,0.005727069351230425,0.43
43,0.9328859060402684,0.001610738255033557,0.05977628635346756,0.005727069351230425,0.44
44,0.9412080536912751,0.0017002237136465323,0.05145413870246085,0.005637583892617449,0.45
45,0.94917225950783,0.0018791946308724832,0.04348993288590604,0.005458612975391499,0.46
46,0.9562416107382551,0.002147651006711409,0.03642058165548098,0.005190156599552573,0.47
47,0.9611633109619687,0.0022371364653243847,0.03149888143176734,0.005100671140939597,0.48
48,0.9658165548098434,0.0025950782997762865,0.026845637583892617,0.004742729306487696,0.49
49,0.9658165548098434,0.0025950782997762865,0.026845637583892617,0.004742729306487696,0.5
50,0.9704697986577181,0.0026845637583892616,0.022192393736017897,0.004653243847874721,0.51
51,0.9736017897091722,0.0026845637583892616,0.019060402684563757,0.004653243847874721,0.52
52,0.9760178970917226,0.002774049217002237,0.01664429530201342,0.004563758389261745,0.53
53,0.9787919463087248,0.002774049217002237,0.013870246085011185,0.004563758389261745,0.54
54,0.9812975391498882,0.0028635346756152127,0.011364653243847875,0.0044742729306487695,0.55
55,0.9832662192393736,0.002953020134228188,0.009395973154362415,0.004384787472035794,0.56
56,0.9846979865771812,0.0030425055928411633,0.00796420581655481,0.004295302013422818,0.57
57,0.9862192393736018,0.0033109619686800896,0.006442953020134228,0.004026845637583893,0.58
58,0.9869351230425056,0.0034004474272930647,0.005727069351230425,0.003937360178970917,0.59
59,0.9883668903803132,0.003668903803131991,0.004295302013422818,0.003668903803131991,0.6
60,0.9891722595078299,0.003847874720357942,0.00348993288590604,0.00348993288590604,0.61
61,0.9898881431767338,0.003937360178970917,0.002774049217002237,0.0034004474272930647,0.62
62,0.9907829977628635,0.004026845637583893,0.0018791946308724832,0.0033109619686800896,0.63
63,0.9915883668903803,0.004116331096196868,0.0010738255033557046,0.003221476510067114,0.64
64,0.9918568232662193,0.004384787472035794,0.0008053691275167785,0.002953020134228188,0.65
65,0.9920357941834452,0.004563758389261745,0.0006263982102908277,0.002774049217002237,0.66
66,0.9920357941834452,0.004653243847874721,0.0006263982102908277,0.0026845637583892616,0.67
67,0.9921252796420582,0.004653243847874721,0.0005369127516778523,0.0026845637583892616,0.68
68,0.9921252796420582,0.004921700223713647,0.0005369127516778523,0.0024161073825503354,0.69
69,0.9923042505592841,0.005190156599552573,0.0003579418344519016,0.002147651006711409,0.7
70,0.99248322147651,0.005279642058165548,0.0001789709172259508,0.002058165548098434,0.71
71,0.99248322147651,0.005458612975391499,0.0001789709172259508,0.0018791946308724832,0.72
72,0.99248322147651,0.005637583892617449,0.0001789709172259508,0.0017002237136465323,0.73
73,0.99248322147651,0.005906040268456376,0.0001789709172259508,0.0014317673378076063,0.74
74,0.99248322147651,0.006085011185682327,0.0001789709172259508,0.0012527964205816555,0.75
75,0.99248322147651,0.006263982102908278,0.0001789709172259508,0.0010738255033557046,0.76
76,0.992572706935123,0.006353467561521253,8.94854586129754e-05,0.0009843400447427293,0.77
77,0.992662192393736,0.006442953020134228,0.0,0.0008948545861297539,0.78
78,0.992662192393736,0.006621923937360179,0.0,0.0007158836689038032,0.79
79,0.992662192393736,0.006621923937360179,0.0,0.0007158836689038032,0.8
80,0.992662192393736,0.006621923937360179,0.0,0.0007158836689038032,0.81
81,0.992662192393736,0.006711409395973154,0.0,0.0006263982102908277,0.82
82,0.992662192393736,0.006800894854586129,0.0,0.0005369127516778523,0.83
83,0.992662192393736,0.006890380313199105,0.0,0.00044742729306487697,0.84
84,0.992662192393736,0.006890380313199105,0.0,0.00044742729306487697,0.85
85,0.992662192393736,0.006890380313199105,0.0,0.00044742729306487697,0.86
86,0.992662192393736,0.006890380313199105,0.0,0.00044742729306487697,0.87
87,0.992662192393736,0.006890380313199105,0.0,0.00044742729306487697,0.88
88,0.992662192393736,0.00697986577181208,0.0,0.0003579418344519016,0.89
89,0.992662192393736,0.0070693512304250555,0.0,0.00026845637583892615,0.9
90,0.992662192393736,0.0070693512304250555,0.0,0.00026845637583892615,0.91
91,0.992662192393736,0.0071588366890380315,0.0,0.0001789709172259508,0.92
92,0.992662192393736,0.007248322147651007,0.0,8.94854586129754e-05,0.93
93,0.992662192393736,0.007248322147651007,0.0,8.94854586129754e-05,0.94
94,0.992662192393736,0.007248322147651007,0.0,8.94854586129754e-05,0.95
95,0.992662192393736,0.007248322147651007,0.0,8.94854586129754e-05,0.96
96,0.992662192393736,0.007248322147651007,0.0,8.94854586129754e-05,0.97
97,0.992662192393736,0.007248322147651007,0.0,8.94854586129754e-05,0.98
98,0.992662192393736,0.007248322147651007,0.0,8.94854586129754e-05,0.99
99,0.992662192393736,0.007248322147651007,0.0,8.94854586129754e-05,1.0
