,tn,fp,fn,tp,percentage
0,0.0005369127516778523,0.0,0.9921252796420582,0.007337807606263982,0.01
1,0.0006263982102908277,0.0,0.9920357941834452,0.007337807606263982,0.02
2,0.0009843400447427293,0.0,0.9916778523489933,0.007337807606263982,0.03
3,0.0019686800894854585,0.0,0.9906935123042505,0.007337807606263982,0.04
4,0.002505592841163311,0.0,0.9901565995525727,0.007337807606263982,0.05
5,0.003937360178970917,0.0,0.9887248322147651,0.007337807606263982,0.06
6,0.006442953020134228,0.0,0.9862192393736018,0.007337807606263982,0.07
7,0.008680089485458613,0.0,0.9839821029082774,0.007337807606263982,0.08
8,0.010380313199105146,0.0,0.9822818791946308,0.007337807606263982,0.09
9,0.016375838926174495,0.0,0.9762863534675615,0.007337807606263982,0.1
10,0.021297539149888144,0.0,0.9713646532438479,0.007337807606263982,0.11
11,0.024697986577181207,0.0,0.9679642058165548,0.007337807606263982,0.12
12,0.029440715883668905,0.0,0.9632214765100671,0.007337807606263982,0.13
13,0.04053691275167785,0.0,0.9521252796420582,0.007337807606263982,0.14
14,0.04733780760626398,0.0,0.945324384787472,0.007337807606263982,0.15
15,0.054675615212527964,0.0,0.937986577181208,0.007337807606263982,0.16
16,0.07302013422818791,8.94854586129754e-05,0.9196420581655481,0.007248322147651007,0.17
17,0.0851006711409396,8.94854586129754e-05,0.9075615212527964,0.007248322147651007,0.18
18,0.09807606263982104,0.0001789709172259508,0.8945861297539149,0.0071588366890380315,0.19
19,0.1097986577181208,0.00026845637583892615,0.8828635346756152,0.0070693512304250555,0.2
20,0.13521252796420583,0.0003579418344519016,0.8574496644295302,0.00697986577181208,0.21
21,0.15293064876957493,0.0003579418344519016,0.839731543624161,0.00697986577181208,0.22
22,0.16921700223713645,0.0003579418344519016,0.8234451901565996,0.00697986577181208,0.23
23,0.20161073825503356,0.0003579418344519016,0.7910514541387025,0.00697986577181208,0.24
24,0.2195973154362416,0.0003579418344519016,0.7730648769574944,0.00697986577181208,0.25
25,0.23937360178970918,0.0003579418344519016,0.7532885906040269,0.00697986577181208,0.26
26,0.2810738255033557,0.00044742729306487697,0.7115883668903803,0.006890380313199105,0.27
27,0.30093959731543624,0.00044742729306487697,0.6917225950782998,0.006890380313199105,0.28
28,0.3243847874720358,0.00044742729306487697,0.6682774049217002,0.006890380313199105,0.29
29,0.3713646532438479,0.00044742729306487697,0.6212975391498882,0.006890380313199105,0.3
30,0.39302013422818793,0.00044742729306487697,0.599642058165548,0.006890380313199105,0.31
31,0.4155704697986577,0.00044742729306487697,0.5770917225950783,0.006890380313199105,0.32
32,0.43838926174496645,0.00044742729306487697,0.5542729306487696,0.006890380313199105,0.33
33,0.4821476510067114,0.00044742729306487697,0.5105145413870246,0.006890380313199105,0.34
34,0.5038031319910514,0.00044742729306487697,0.48885906040268456,0.006890380313199105,0.35
35,0.527427293064877,0.00044742729306487697,0.4652348993288591,0.006890380313199105,0.36
36,0.571006711409396,0.0005369127516778523,0.42165548098434,0.006800894854586129,0.37
37,0.5923042505592842,0.0005369127516778523,0.4003579418344519,0.006800894854586129,0.38
38,0.6118120805369127,0.0005369127516778523,0.38085011185682327,0.006800894854586129,0.39
39,0.6332885906040269,0.0005369127516778523,0.3593736017897092,0.006800894854586129,0.4
40,0.6742729306487696,0.0005369127516778523,0.31838926174496646,0.006800894854586129,0.41
41,0.6950335570469799,0.0005369127516778523,0.29762863534675615,0.006800894854586129,0.42
42,0.7138255033557047,0.0005369127516778523,0.2788366890380313,0.006800894854586129,0.43
43,0.7501565995525727,0.0005369127516778523,0.2425055928411633,0.006800894854586129,0.44
44,0.7664429530201342,0.0005369127516778523,0.22621923937360178,0.006800894854586129,0.45
45,0.781744966442953,0.0005369127516778523,0.210917225950783,0.006800894854586129,0.46
46,0.8097539149888143,0.0005369127516778523,0.1829082774049217,0.006800894854586129,0.47
47,0.8226398210290827,0.0006263982102908277,0.17002237136465326,0.006711409395973154,0.48
48,0.8356152125279642,0.0006263982102908277,0.15704697986577182,0.006711409395973154,0.49
49,0.8488590604026846,0.0006263982102908277,0.14380313199105146,0.006711409395973154,0.5
50,0.8696196868008949,0.0006263982102908277,0.12304250559284116,0.006711409395973154,0.51
51,0.88,0.0006263982102908277,0.11266219239373602,0.006711409395973154,0.52
52,0.8891275167785235,0.0006263982102908277,0.10353467561521253,0.006711409395973154,0.53
53,0.9075615212527964,0.0008948545861297539,0.0851006711409396,0.006442953020134228,0.54
54,0.9155257270693512,0.0008948545861297539,0.07713646532438478,0.006442953020134228,0.55
55,0.9232214765100671,0.0009843400447427293,0.0694407158836689,0.006353467561521253,0.56
56,0.9358389261744966,0.0010738255033557046,0.056823266219239374,0.006263982102908278,0.57
57,0.941744966442953,0.0011633109619686801,0.050917225950783,0.006174496644295302,0.58
58,0.9479194630872483,0.0013422818791946308,0.0447427293064877,0.005995525727069352,0.59
59,0.952751677852349,0.0013422818791946308,0.03991051454138703,0.005995525727069352,0.6
60,0.9620581655480984,0.0017002237136465323,0.030604026845637584,0.005637583892617449,0.61
61,0.9650111856823266,0.0018791946308724832,0.027651006711409395,0.005458612975391499,0.62
62,0.9677852348993289,0.0019686800894854585,0.02487695749440716,0.005369127516778523,0.63
63,0.9742281879194631,0.0023266219239373603,0.01843400447427293,0.005011185682326622,0.64
64,0.9753914988814317,0.0024161073825503354,0.01727069351230425,0.004921700223713647,0.65
65,0.9773601789709172,0.0025950782997762865,0.015302013422818792,0.004742729306487696,0.66
66,0.9814765100671141,0.002774049217002237,0.011185682326621925,0.004563758389261745,0.67
67,0.9829082774049217,0.002953020134228188,0.009753914988814318,0.004384787472035794,0.68
68,0.9850559284116331,0.0030425055928411633,0.007606263982102908,0.004295302013422818,0.69
69,0.9866666666666667,0.003221476510067114,0.005995525727069352,0.004116331096196868,0.7
70,0.9884563758389262,0.0033109619686800896,0.004205816554809843,0.004026845637583893,0.71
71,0.9888143176733781,0.00348993288590604,0.003847874720357942,0.003847874720357942,0.72
72,0.9896196868008948,0.003668903803131991,0.0030425055928411633,0.003668903803131991,0.73
73,0.9908724832214765,0.0037583892617449664,0.0017897091722595079,0.0035794183445190158,0.74
74,0.9912304250559284,0.0037583892617449664,0.0014317673378076063,0.0035794183445190158,0.75
75,0.9915883668903803,0.0037583892617449664,0.0010738255033557046,0.0035794183445190158,0.76
76,0.9920357941834452,0.003937360178970917,0.0006263982102908277,0.0034004474272930647,0.77
77,0.9922147651006712,0.004205816554809843,0.00044742729306487697,0.003131991051454139,0.78
78,0.99248322147651,0.0044742729306487695,0.0001789709172259508,0.0028635346756152127,0.79
79,0.99248322147651,0.0044742729306487695,0.0001789709172259508,0.0028635346756152127,0.8
80,0.992572706935123,0.004921700223713647,8.94854586129754e-05,0.0024161073825503354,0.81
81,0.992572706935123,0.005011185682326622,8.94854586129754e-05,0.0023266219239373603,0.82
82,0.992572706935123,0.005011185682326622,8.94854586129754e-05,0.0023266219239373603,0.83
83,0.992662192393736,0.005637583892617449,0.0,0.0017002237136465323,0.84
84,0.992662192393736,0.005727069351230425,0.0,0.001610738255033557,0.85
85,0.992662192393736,0.005727069351230425,0.0,0.001610738255033557,0.86
86,0.992662192393736,0.005995525727069352,0.0,0.0013422818791946308,0.87
87,0.992662192393736,0.006174496644295302,0.0,0.0011633109619686801,0.88
88,0.992662192393736,0.006174496644295302,0.0,0.0011633109619686801,0.89
89,0.992662192393736,0.006263982102908278,0.0,0.0010738255033557046,0.9
90,0.992662192393736,0.006532438478747204,0.0,0.0008053691275167785,0.91
91,0.992662192393736,0.006711409395973154,0.0,0.0006263982102908277,0.92
92,0.992662192393736,0.006800894854586129,0.0,0.0005369127516778523,0.93
93,0.992662192393736,0.00697986577181208,0.0,0.0003579418344519016,0.94
94,0.992662192393736,0.00697986577181208,0.0,0.0003579418344519016,0.95
95,0.992662192393736,0.0070693512304250555,0.0,0.00026845637583892615,0.96
96,0.992662192393736,0.0070693512304250555,0.0,0.00026845637583892615,0.97
97,0.992662192393736,0.0070693512304250555,0.0,0.00026845637583892615,0.98
98,0.992662192393736,0.0070693512304250555,0.0,0.00026845637583892615,0.99
99,0.992662192393736,0.0071588366890380315,0.0,0.0001789709172259508,1.0
