,tn,fp,fn,tp,percentage
0,8.94854586129754e-05,0.0,0.992572706935123,0.007337807606263982,0.01
1,0.00026845637583892615,0.0,0.992393736017897,0.007337807606263982,0.02
2,0.00044742729306487697,0.0,0.9922147651006712,0.007337807606263982,0.03
3,0.0007158836689038032,0.0,0.9919463087248322,0.007337807606263982,0.04
4,0.0012527964205816555,0.0,0.9914093959731544,0.007337807606263982,0.05
5,0.0018791946308724832,0.0,0.9907829977628635,0.007337807606263982,0.06
6,0.002505592841163311,0.0,0.9901565995525727,0.007337807606263982,0.07
7,0.0034004474272930647,0.0,0.9892617449664429,0.007337807606263982,0.08
8,0.005637583892617449,0.0,0.9870246085011186,0.007337807606263982,0.09
9,0.006711409395973154,0.0,0.9859507829977628,0.007337807606263982,0.1
10,0.01029082774049217,0.0,0.9823713646532438,0.007337807606263982,0.11
11,0.013870246085011185,0.0,0.9787919463087248,0.007337807606263982,0.12
12,0.01592841163310962,0.0,0.9767337807606264,0.007337807606263982,0.13
13,0.022550335570469798,0.0,0.9701118568232662,0.007337807606263982,0.14
14,0.029619686800894853,0.0,0.9630425055928412,0.007337807606263982,0.15
15,0.0341834451901566,0.0,0.9584787472035794,0.007337807606263982,0.16
16,0.04187919463087248,0.0,0.9507829977628636,0.007337807606263982,0.17
17,0.05118568232662193,8.94854586129754e-05,0.9414765100671141,0.007248322147651007,0.18
18,0.05646532438478747,8.94854586129754e-05,0.9361968680089485,0.007248322147651007,0.19
19,0.06702460850111856,8.94854586129754e-05,0.9256375838926174,0.007248322147651007,0.2
20,0.07991051454138702,8.94854586129754e-05,0.912751677852349,0.007248322147651007,0.21
21,0.08706935123042506,8.94854586129754e-05,0.905592841163311,0.007248322147651007,0.22
22,0.1014765100671141,8.94854586129754e-05,0.8911856823266219,0.007248322147651007,0.23
23,0.11552572706935123,8.94854586129754e-05,0.8771364653243848,0.007248322147651007,0.24
24,0.12536912751677853,8.94854586129754e-05,0.8672930648769575,0.007248322147651007,0.25
25,0.1414765100671141,0.0001789709172259508,0.851185682326622,0.0071588366890380315,0.26
26,0.16331096196868009,0.0001789709172259508,0.8293512304250559,0.0071588366890380315,0.27
27,0.17333333333333334,0.0001789709172259508,0.8193288590604026,0.0071588366890380315,0.28
28,0.1957046979865772,0.0001789709172259508,0.7969574944071588,0.0071588366890380315,0.29
29,0.22129753914988815,0.00026845637583892615,0.7713646532438478,0.0070693512304250555,0.3
30,0.23310961968680088,0.00026845637583892615,0.7595525727069351,0.0070693512304250555,0.31
31,0.25727069351230425,0.00026845637583892615,0.7353914988814317,0.0070693512304250555,0.32
32,0.28438478747203577,0.0003579418344519016,0.7082774049217002,0.00697986577181208,0.33
33,0.2967337807606264,0.0003579418344519016,0.6959284116331096,0.00697986577181208,0.34
34,0.32357941834451903,0.00044742729306487697,0.669082774049217,0.006890380313199105,0.35
35,0.34935123042505595,0.00044742729306487697,0.6433109619686801,0.006890380313199105,0.36
36,0.3617002237136465,0.00044742729306487697,0.6309619686800895,0.006890380313199105,0.37
37,0.38863534675615213,0.00044742729306487697,0.6040268456375839,0.006890380313199105,0.38
38,0.41315436241610737,0.00044742729306487697,0.5795078299776286,0.006890380313199105,0.39
39,0.4287248322147651,0.00044742729306487697,0.5639373601789709,0.006890380313199105,0.4
40,0.4574496644295302,0.00044742729306487697,0.5352125279642058,0.006890380313199105,0.41
41,0.48322147651006714,0.00044742729306487697,0.5094407158836689,0.006890380313199105,0.42
42,0.4978076062639821,0.00044742729306487697,0.4948545861297539,0.006890380313199105,0.43
43,0.5264429530201342,0.00044742729306487697,0.46621923937360177,0.006890380313199105,0.44
44,0.5511409395973155,0.00044742729306487697,0.44152125279642057,0.006890380313199105,0.45
45,0.5650111856823267,0.00044742729306487697,0.4276510067114094,0.006890380313199105,0.46
46,0.5923937360178971,0.00044742729306487697,0.4002684563758389,0.006890380313199105,0.47
47,0.6185234899328859,0.00044742729306487697,0.3741387024608501,0.006890380313199105,0.48
48,0.6312304250559284,0.00044742729306487697,0.36143176733780763,0.006890380313199105,0.49
49,0.6562863534675615,0.00044742729306487697,0.3363758389261745,0.006890380313199105,0.5
50,0.6819686800894854,0.00044742729306487697,0.3106935123042506,0.006890380313199105,0.51
51,0.6937807606263983,0.00044742729306487697,0.29888143176733784,0.006890380313199105,0.52
52,0.7204474272930649,0.0006263982102908277,0.27221476510067116,0.006711409395973154,0.53
53,0.7443400447427293,0.0007158836689038032,0.2483221476510067,0.006621923937360179,0.54
54,0.7557941834451901,0.0007158836689038032,0.23686800894854587,0.006621923937360179,0.55
55,0.7768232662192394,0.0008948545861297539,0.21583892617449665,0.006442953020134228,0.56
56,0.7987472035794183,0.0009843400447427293,0.19391498881431768,0.006353467561521253,0.57
57,0.8096644295302013,0.0009843400447427293,0.18299776286353467,0.006353467561521253,0.58
58,0.8297091722595078,0.0011633109619686801,0.1629530201342282,0.006174496644295302,0.59
59,0.8465324384787472,0.0013422818791946308,0.1461297539149888,0.005995525727069352,0.6
60,0.8559284116331096,0.0014317673378076063,0.1367337807606264,0.005906040268456376,0.61
61,0.872393736017897,0.0014317673378076063,0.12026845637583893,0.005906040268456376,0.62
62,0.8859060402684564,0.0015212527964205817,0.10675615212527964,0.0058165548098434005,0.63
63,0.8932438478747203,0.0015212527964205817,0.09941834451901566,0.0058165548098434005,0.64
64,0.9033557046979865,0.0015212527964205817,0.08930648769574943,0.0058165548098434005,0.65
65,0.9148098434004475,0.0015212527964205817,0.07785234899328859,0.0058165548098434005,0.66
66,0.9208948545861297,0.0015212527964205817,0.07176733780760626,0.0058165548098434005,0.67
67,0.9316331096196868,0.0015212527964205817,0.06102908277404922,0.0058165548098434005,0.68
68,0.9407606263982103,0.0017002237136465323,0.05190156599552573,0.005637583892617449,0.69
69,0.9452348993288591,0.0018791946308724832,0.04742729306487696,0.005458612975391499,0.7
70,0.9531991051454138,0.002147651006711409,0.03946308724832215,0.005190156599552573,0.71
71,0.9591051454138703,0.0023266219239373603,0.03355704697986577,0.005011185682326622,0.72
72,0.9617002237136465,0.0024161073825503354,0.030961968680089484,0.004921700223713647,0.73
73,0.9682326621923938,0.0024161073825503354,0.02442953020134228,0.004921700223713647,0.74
74,0.9727964205816555,0.002774049217002237,0.019865771812080536,0.004563758389261745,0.75
75,0.9750335570469799,0.0028635346756152127,0.01762863534675615,0.0044742729306487695,0.76
76,0.9787919463087248,0.003131991051454139,0.013870246085011185,0.004205816554809843,0.77
77,0.981923937360179,0.003221476510067114,0.010738255033557046,0.004116331096196868,0.78
78,0.9833557046979866,0.0034004474272930647,0.009306487695749441,0.003937360178970917,0.79
79,0.9855928411633109,0.003668903803131991,0.0070693512304250555,0.003668903803131991,0.8
80,0.9875615212527964,0.003937360178970917,0.005100671140939597,0.0034004474272930647,0.81
81,0.9880984340044743,0.003937360178970917,0.004563758389261745,0.0034004474272930647,0.82
82,0.989082774049217,0.004295302013422818,0.0035794183445190158,0.0030425055928411633,0.83
83,0.9902460850111857,0.0044742729306487695,0.0024161073825503354,0.0028635346756152127,0.84
84,0.9906040268456375,0.004563758389261745,0.002058165548098434,0.002774049217002237,0.85
85,0.9912304250559284,0.004742729306487696,0.0014317673378076063,0.0025950782997762865,0.86
86,0.9917673378076063,0.005100671140939597,0.0008948545861297539,0.0022371364653243847,0.87
87,0.9920357941834452,0.005279642058165548,0.0006263982102908277,0.002058165548098434,0.88
88,0.9923042505592841,0.005369127516778523,0.0003579418344519016,0.0019686800894854585,0.89
89,0.992393736017897,0.005637583892617449,0.00026845637583892615,0.0017002237136465323,0.9
90,0.992572706935123,0.005637583892617449,8.94854586129754e-05,0.0017002237136465323,0.91
91,0.992572706935123,0.005906040268456376,8.94854586129754e-05,0.0014317673378076063,0.92
92,0.992662192393736,0.005995525727069352,0.0,0.0013422818791946308,0.93
93,0.992662192393736,0.006085011185682327,0.0,0.0012527964205816555,0.94
94,0.992662192393736,0.006532438478747204,0.0,0.0008053691275167785,0.95
95,0.992662192393736,0.006890380313199105,0.0,0.00044742729306487697,0.96
96,0.992662192393736,0.006890380313199105,0.0,0.00044742729306487697,0.97
97,0.992662192393736,0.00697986577181208,0.0,0.0003579418344519016,0.98
98,0.992662192393736,0.0071588366890380315,0.0,0.0001789709172259508,0.99
99,0.992662192393736,0.0071588366890380315,0.0,0.0001789709172259508,1.0
