,tn,fp,fn,tp,percentage
0,8.94854586129754e-05,0.0,0.992572706935123,0.007337807606263982,0.01
1,0.0003579418344519016,0.0,0.9923042505592841,0.007337807606263982,0.02
2,0.0007158836689038032,0.0,0.9919463087248322,0.007337807606263982,0.03
3,0.0012527964205816555,0.0,0.9914093959731544,0.007337807606263982,0.04
4,0.0018791946308724832,0.0,0.9907829977628635,0.007337807606263982,0.05
5,0.0035794183445190158,0.0,0.989082774049217,0.007337807606263982,0.06
6,0.005548098434004474,0.0,0.9871140939597316,0.007337807606263982,0.07
7,0.007874720357941834,0.0,0.9847874720357942,0.007337807606263982,0.08
8,0.011543624161073825,0.0,0.9811185682326622,0.007337807606263982,0.09
9,0.017002237136465325,0.0,0.9756599552572707,0.007337807606263982,0.1
10,0.027203579418344517,8.94854586129754e-05,0.9654586129753915,0.007248322147651007,0.11
11,0.03919463087248322,0.0001789709172259508,0.9534675615212528,0.0071588366890380315,0.12
12,0.051364653243847876,0.0001789709172259508,0.9412975391498881,0.0071588366890380315,0.13
13,0.06675615212527965,0.0001789709172259508,0.9259060402684564,0.0071588366890380315,0.14
14,0.0847427293064877,0.0001789709172259508,0.9079194630872484,0.0071588366890380315,0.15
15,0.10568232662192394,0.0001789709172259508,0.8869798657718121,0.0071588366890380315,0.16
16,0.10568232662192394,0.0001789709172259508,0.8869798657718121,0.0071588366890380315,0.17
17,0.13217002237136466,0.0001789709172259508,0.8604921700223713,0.0071588366890380315,0.18
18,0.1592841163310962,0.00026845637583892615,0.8333780760626398,0.0070693512304250555,0.19
19,0.19221476510067115,0.0003579418344519016,0.8004474272930648,0.00697986577181208,0.2
20,0.2275615212527964,0.0003579418344519016,0.7651006711409396,0.00697986577181208,0.21
21,0.2650559284116331,0.0003579418344519016,0.7276062639821029,0.00697986577181208,0.22
22,0.30416107382550334,0.0003579418344519016,0.6885011185682327,0.00697986577181208,0.23
23,0.34926174496644297,0.0003579418344519016,0.6434004474272931,0.00697986577181208,0.24
24,0.3941834451901566,0.0003579418344519016,0.5984787472035794,0.00697986577181208,0.25
25,0.439910514541387,0.0003579418344519016,0.552751677852349,0.00697986577181208,0.26
26,0.48850111856823264,0.0003579418344519016,0.5041610738255033,0.00697986577181208,0.27
27,0.5333333333333333,0.00044742729306487697,0.45932885906040266,0.006890380313199105,0.28
28,0.5805816554809844,0.0005369127516778523,0.4120805369127517,0.006800894854586129,0.29
29,0.6221029082774049,0.0005369127516778523,0.3705592841163311,0.006800894854586129,0.3
30,0.6600447427293065,0.0005369127516778523,0.3326174496644295,0.006800894854586129,0.31
31,0.6995078299776286,0.0005369127516778523,0.2931543624161074,0.006800894854586129,0.32
32,0.7380760626398211,0.0005369127516778523,0.254586129753915,0.006800894854586129,0.33
33,0.7380760626398211,0.0005369127516778523,0.254586129753915,0.006800894854586129,0.34
34,0.7692170022371365,0.0005369127516778523,0.22344519015659955,0.006800894854586129,0.35
35,0.8015212527964206,0.0005369127516778523,0.19114093959731543,0.006800894854586129,0.36
36,0.8298881431767338,0.0005369127516778523,0.16277404921700223,0.006800894854586129,0.37
37,0.8549440715883669,0.0007158836689038032,0.13771812080536913,0.006621923937360179,0.38
38,0.8747203579418344,0.0009843400447427293,0.11794183445190157,0.006353467561521253,0.39
39,0.8925279642058166,0.0009843400447427293,0.10013422818791946,0.006353467561521253,0.4
40,0.9073825503355705,0.0013422818791946308,0.08527964205816554,0.005995525727069352,0.41
41,0.9229530201342282,0.0015212527964205817,0.06970917225950783,0.0058165548098434005,0.42
42,0.9321700223713647,0.001610738255033557,0.06049217002237137,0.005727069351230425,0.43
43,0.941744966442953,0.0019686800894854585,0.050917225950783,0.005369127516778523,0.44
44,0.9498881431767338,0.002058165548098434,0.04277404921700224,0.005279642058165548,0.45
45,0.9569574944071588,0.002147651006711409,0.03570469798657718,0.005190156599552573,0.46
46,0.9616107382550335,0.0023266219239373603,0.031051454138702462,0.005011185682326622,0.47
47,0.9668903803131991,0.002505592841163311,0.025771812080536912,0.004832214765100671,0.48
48,0.9716331096196869,0.0026845637583892616,0.021029082774049218,0.004653243847874721,0.49
49,0.9716331096196869,0.0026845637583892616,0.021029082774049218,0.004653243847874721,0.5
50,0.974496644295302,0.0026845637583892616,0.018165548098434004,0.004653243847874721,0.51
51,0.9775391498881432,0.002774049217002237,0.015123042505592842,0.004563758389261745,0.52
52,0.9798657718120806,0.0028635346756152127,0.012796420581655482,0.0044742729306487695,0.53
53,0.9823713646532438,0.0028635346756152127,0.01029082774049217,0.0044742729306487695,0.54
54,0.9838926174496644,0.002953020134228188,0.008769574944071589,0.004384787472035794,0.55
55,0.9855033557046979,0.002953020134228188,0.0071588366890380315,0.004384787472035794,0.56
56,0.9867561521252797,0.0033109619686800896,0.005906040268456376,0.004026845637583893,0.57
57,0.9876510067114094,0.003668903803131991,0.005011185682326622,0.003668903803131991,0.58
58,0.9887248322147651,0.003847874720357942,0.003937360178970917,0.00348993288590604,0.59
59,0.9898881431767338,0.004026845637583893,0.002774049217002237,0.0033109619686800896,0.6
60,0.9906935123042505,0.004026845637583893,0.0019686800894854585,0.0033109619686800896,0.61
61,0.9913199105145414,0.004295302013422818,0.0013422818791946308,0.0030425055928411633,0.62
62,0.9918568232662193,0.004563758389261745,0.0008053691275167785,0.002774049217002237,0.63
63,0.9920357941834452,0.004563758389261745,0.0006263982102908277,0.002774049217002237,0.64
64,0.9921252796420582,0.004563758389261745,0.0005369127516778523,0.002774049217002237,0.65
65,0.9921252796420582,0.004742729306487696,0.0005369127516778523,0.0025950782997762865,0.66
66,0.9921252796420582,0.004742729306487696,0.0005369127516778523,0.0025950782997762865,0.67
67,0.9921252796420582,0.004742729306487696,0.0005369127516778523,0.0025950782997762865,0.68
68,0.9922147651006712,0.005190156599552573,0.00044742729306487697,0.002147651006711409,0.69
69,0.99248322147651,0.005369127516778523,0.0001789709172259508,0.0019686800894854585,0.7
70,0.99248322147651,0.005727069351230425,0.0001789709172259508,0.001610738255033557,0.71
71,0.99248322147651,0.0058165548098434005,0.0001789709172259508,0.0015212527964205817,0.72
72,0.99248322147651,0.005906040268456376,0.0001789709172259508,0.0014317673378076063,0.73
73,0.992572706935123,0.006085011185682327,8.94854586129754e-05,0.0012527964205816555,0.74
74,0.992572706935123,0.006263982102908278,8.94854586129754e-05,0.0010738255033557046,0.75
75,0.992572706935123,0.006353467561521253,8.94854586129754e-05,0.0009843400447427293,0.76
76,0.992662192393736,0.006532438478747204,0.0,0.0008053691275167785,0.77
77,0.992662192393736,0.006621923937360179,0.0,0.0007158836689038032,0.78
78,0.992662192393736,0.006621923937360179,0.0,0.0007158836689038032,0.79
79,0.992662192393736,0.006711409395973154,0.0,0.0006263982102908277,0.8
80,0.992662192393736,0.006711409395973154,0.0,0.0006263982102908277,0.81
81,0.992662192393736,0.006711409395973154,0.0,0.0006263982102908277,0.82
82,0.992662192393736,0.006890380313199105,0.0,0.00044742729306487697,0.83
83,0.992662192393736,0.006890380313199105,0.0,0.00044742729306487697,0.84
84,0.992662192393736,0.006890380313199105,0.0,0.00044742729306487697,0.85
85,0.992662192393736,0.006890380313199105,0.0,0.00044742729306487697,0.86
86,0.992662192393736,0.006890380313199105,0.0,0.00044742729306487697,0.87
87,0.992662192393736,0.006890380313199105,0.0,0.00044742729306487697,0.88
88,0.992662192393736,0.00697986577181208,0.0,0.0003579418344519016,0.89
89,0.992662192393736,0.0071588366890380315,0.0,0.0001789709172259508,0.9
90,0.992662192393736,0.0071588366890380315,0.0,0.0001789709172259508,0.91
91,0.992662192393736,0.0071588366890380315,0.0,0.0001789709172259508,0.92
92,0.992662192393736,0.0071588366890380315,0.0,0.0001789709172259508,0.93
93,0.992662192393736,0.007248322147651007,0.0,8.94854586129754e-05,0.94
94,0.992662192393736,0.007248322147651007,0.0,8.94854586129754e-05,0.95
95,0.992662192393736,0.007248322147651007,0.0,8.94854586129754e-05,0.96
96,0.992662192393736,0.007248322147651007,0.0,8.94854586129754e-05,0.97
97,0.992662192393736,0.007248322147651007,0.0,8.94854586129754e-05,0.98
98,0.992662192393736,0.007248322147651007,0.0,8.94854586129754e-05,0.99
99,0.992662192393736,0.007248322147651007,0.0,8.94854586129754e-05,1.0
