,tn,fp,fn,tp,percentage
0,8.94854586129754e-05,0.0,0.992572706935123,0.007337807606263982,0.01
1,0.0003579418344519016,0.0,0.9923042505592841,0.007337807606263982,0.02
2,0.00044742729306487697,0.0,0.9922147651006712,0.007337807606263982,0.03
3,0.0011633109619686801,0.0,0.9914988814317673,0.007337807606263982,0.04
4,0.0019686800894854585,0.0,0.9906935123042505,0.007337807606263982,0.05
5,0.003668903803131991,0.0,0.988993288590604,0.007337807606263982,0.06
6,0.005190156599552573,0.0,0.9874720357941834,0.007337807606263982,0.07
7,0.007427293064876958,0.0,0.9852348993288591,0.007337807606263982,0.08
8,0.011543624161073825,0.0,0.9811185682326622,0.007337807606263982,0.09
9,0.017539149888143177,8.94854586129754e-05,0.9751230425055929,0.007248322147651007,0.1
10,0.028098434004474274,0.0001789709172259508,0.9645637583892618,0.0071588366890380315,0.11
11,0.028098434004474274,0.0001789709172259508,0.9645637583892618,0.0071588366890380315,0.12
12,0.040089485458612975,0.0001789709172259508,0.9525727069351231,0.0071588366890380315,0.13
13,0.05395973154362416,0.0001789709172259508,0.9387024608501119,0.0071588366890380315,0.14
14,0.0694407158836689,0.0001789709172259508,0.9232214765100671,0.0071588366890380315,0.15
15,0.09002237136465324,0.0001789709172259508,0.9026398210290828,0.0071588366890380315,0.16
16,0.1141834451901566,0.0001789709172259508,0.8784787472035794,0.0071588366890380315,0.17
17,0.141834451901566,0.00026845637583892615,0.85082774049217,0.0070693512304250555,0.18
18,0.17404921700223713,0.00026845637583892615,0.8186129753914989,0.0070693512304250555,0.19
19,0.21217002237136465,0.0003579418344519016,0.7804921700223714,0.00697986577181208,0.2
20,0.24966442953020135,0.0003579418344519016,0.7429977628635347,0.00697986577181208,0.21
21,0.29333333333333333,0.0003579418344519016,0.6993288590604027,0.00697986577181208,0.22
22,0.29333333333333333,0.0003579418344519016,0.6993288590604027,0.00697986577181208,0.23
23,0.33736017897091725,0.0003579418344519016,0.6553020134228188,0.00697986577181208,0.24
24,0.3881879194630872,0.0003579418344519016,0.6044742729306488,0.00697986577181208,0.25
25,0.4348993288590604,0.0003579418344519016,0.5577628635346756,0.00697986577181208,0.26
26,0.48447427293064876,0.0003579418344519016,0.5081879194630873,0.00697986577181208,0.27
27,0.5337807606263982,0.00044742729306487697,0.4588814317673378,0.006890380313199105,0.28
28,0.5824608501118568,0.0005369127516778523,0.4102013422818792,0.006800894854586129,0.29
29,0.628814317673378,0.0005369127516778523,0.36384787472035796,0.006800894854586129,0.3
30,0.6694407158836689,0.0005369127516778523,0.3232214765100671,0.006800894854586129,0.31
31,0.7103355704697987,0.0005369127516778523,0.28232662192393737,0.006800894854586129,0.32
32,0.7492617449664429,0.0005369127516778523,0.24340044742729305,0.006800894854586129,0.33
33,0.7492617449664429,0.0005369127516778523,0.24340044742729305,0.006800894854586129,0.34
34,0.7822818791946309,0.0005369127516778523,0.21038031319910513,0.006800894854586129,0.35
35,0.8158389261744966,0.0005369127516778523,0.17682326621923938,0.006800894854586129,0.36
36,0.843400447427293,0.0006263982102908277,0.14926174496644296,0.006711409395973154,0.37
37,0.8672035794183445,0.0007158836689038032,0.1254586129753915,0.006621923937360179,0.38
38,0.887606263982103,0.0009843400447427293,0.10505592841163311,0.006353467561521253,0.39
39,0.9046979865771813,0.0012527964205816555,0.08796420581655481,0.006085011185682327,0.4
40,0.9203579418344519,0.0015212527964205817,0.07230425055928412,0.0058165548098434005,0.41
41,0.9323489932885906,0.001610738255033557,0.06031319910514541,0.005727069351230425,0.42
42,0.9412975391498881,0.0017897091722595079,0.051364653243847876,0.005548098434004474,0.43
43,0.949351230425056,0.0019686800894854585,0.04331096196868009,0.005369127516778523,0.44
44,0.949351230425056,0.0019686800894854585,0.04331096196868009,0.005369127516778523,0.45
45,0.956331096196868,0.002147651006711409,0.03633109619686801,0.005190156599552573,0.46
46,0.9617002237136465,0.0022371364653243847,0.030961968680089484,0.005100671140939597,0.47
47,0.967158836689038,0.0025950782997762865,0.025503355704697986,0.004742729306487696,0.48
48,0.9717225950782997,0.0025950782997762865,0.02093959731543624,0.004742729306487696,0.49
49,0.974675615212528,0.002774049217002237,0.017986577181208052,0.004563758389261745,0.5
50,0.9777181208053691,0.002774049217002237,0.01494407158836689,0.004563758389261745,0.51
51,0.9805816554809843,0.0028635346756152127,0.012080536912751677,0.0044742729306487695,0.52
52,0.9825503355704698,0.0028635346756152127,0.01011185682326622,0.0044742729306487695,0.53
53,0.9843400447427293,0.0030425055928411633,0.00832214765100671,0.004295302013422818,0.54
54,0.9854138702460851,0.0030425055928411633,0.007248322147651007,0.004295302013422818,0.55
55,0.9854138702460851,0.0030425055928411633,0.007248322147651007,0.004295302013422818,0.56
56,0.9868456375838927,0.003668903803131991,0.0058165548098434005,0.003668903803131991,0.57
57,0.9882774049217002,0.0037583892617449664,0.004384787472035794,0.0035794183445190158,0.58
58,0.988903803131991,0.003937360178970917,0.0037583892617449664,0.0034004474272930647,0.59
59,0.9902460850111857,0.004026845637583893,0.0024161073825503354,0.0033109619686800896,0.6
60,0.9909619686800895,0.004205816554809843,0.0017002237136465323,0.003131991051454139,0.61
61,0.9916778523489933,0.0044742729306487695,0.0009843400447427293,0.0028635346756152127,0.62
62,0.9920357941834452,0.004563758389261745,0.0006263982102908277,0.002774049217002237,0.63
63,0.9920357941834452,0.004563758389261745,0.0006263982102908277,0.002774049217002237,0.64
64,0.9921252796420582,0.004563758389261745,0.0005369127516778523,0.002774049217002237,0.65
65,0.9921252796420582,0.005011185682326622,0.0005369127516778523,0.0023266219239373603,0.66
66,0.9921252796420582,0.005011185682326622,0.0005369127516778523,0.0023266219239373603,0.67
67,0.9921252796420582,0.005011185682326622,0.0005369127516778523,0.0023266219239373603,0.68
68,0.9923042505592841,0.005458612975391499,0.0003579418344519016,0.0018791946308724832,0.69
69,0.9923042505592841,0.005637583892617449,0.0003579418344519016,0.0017002237136465323,0.7
70,0.99248322147651,0.005727069351230425,0.0001789709172259508,0.001610738255033557,0.71
71,0.99248322147651,0.0058165548098434005,0.0001789709172259508,0.0015212527964205817,0.72
72,0.992572706935123,0.006085011185682327,8.94854586129754e-05,0.0012527964205816555,0.73
73,0.992572706935123,0.006085011185682327,8.94854586129754e-05,0.0012527964205816555,0.74
74,0.992572706935123,0.006263982102908278,8.94854586129754e-05,0.0010738255033557046,0.75
75,0.992662192393736,0.006442953020134228,0.0,0.0008948545861297539,0.76
76,0.992662192393736,0.006532438478747204,0.0,0.0008053691275167785,0.77
77,0.992662192393736,0.006532438478747204,0.0,0.0008053691275167785,0.78
78,0.992662192393736,0.006711409395973154,0.0,0.0006263982102908277,0.79
79,0.992662192393736,0.006711409395973154,0.0,0.0006263982102908277,0.8
80,0.992662192393736,0.006711409395973154,0.0,0.0006263982102908277,0.81
81,0.992662192393736,0.006711409395973154,0.0,0.0006263982102908277,0.82
82,0.992662192393736,0.006800894854586129,0.0,0.0005369127516778523,0.83
83,0.992662192393736,0.006890380313199105,0.0,0.00044742729306487697,0.84
84,0.992662192393736,0.006890380313199105,0.0,0.00044742729306487697,0.85
85,0.992662192393736,0.006890380313199105,0.0,0.00044742729306487697,0.86
86,0.992662192393736,0.006890380313199105,0.0,0.00044742729306487697,0.87
87,0.992662192393736,0.00697986577181208,0.0,0.0003579418344519016,0.88
88,0.992662192393736,0.00697986577181208,0.0,0.0003579418344519016,0.89
89,0.992662192393736,0.0070693512304250555,0.0,0.00026845637583892615,0.9
90,0.992662192393736,0.0070693512304250555,0.0,0.00026845637583892615,0.91
91,0.992662192393736,0.0071588366890380315,0.0,0.0001789709172259508,0.92
92,0.992662192393736,0.0071588366890380315,0.0,0.0001789709172259508,0.93
93,0.992662192393736,0.007248322147651007,0.0,8.94854586129754e-05,0.94
94,0.992662192393736,0.007248322147651007,0.0,8.94854586129754e-05,0.95
95,0.992662192393736,0.007248322147651007,0.0,8.94854586129754e-05,0.96
96,0.992662192393736,0.007248322147651007,0.0,8.94854586129754e-05,0.97
97,0.992662192393736,0.007248322147651007,0.0,8.94854586129754e-05,0.98
98,0.992662192393736,0.007248322147651007,0.0,8.94854586129754e-05,0.99
99,0.992662192393736,0.007248322147651007,0.0,8.94854586129754e-05,1.0
