,tn,fp,fn,tp,percentage
0,8.94854586129754e-05,0.0,0.992572706935123,0.007337807606263982,0.01
1,0.00044742729306487697,0.0,0.9922147651006712,0.007337807606263982,0.02
2,0.0005369127516778523,0.0,0.9921252796420582,0.007337807606263982,0.03
3,0.0011633109619686801,0.0,0.9914988814317673,0.007337807606263982,0.04
4,0.002147651006711409,0.0,0.9905145413870247,0.007337807606263982,0.05
5,0.003847874720357942,0.0,0.9888143176733781,0.007337807606263982,0.06
6,0.005548098434004474,0.0,0.9871140939597316,0.007337807606263982,0.07
7,0.00796420581655481,0.0,0.9846979865771812,0.007337807606263982,0.08
8,0.00796420581655481,0.0,0.9846979865771812,0.007337807606263982,0.09
9,0.011722595078299777,0.0,0.9809395973154362,0.007337807606263982,0.1
10,0.01923937360178971,8.94854586129754e-05,0.9734228187919463,0.007248322147651007,0.11
11,0.030604026845637584,0.0001789709172259508,0.9620581655480984,0.0071588366890380315,0.12
12,0.04375838926174497,0.0001789709172259508,0.9489038031319911,0.0071588366890380315,0.13
13,0.05834451901565996,0.0001789709172259508,0.934317673378076,0.0071588366890380315,0.14
14,0.07624161073825503,0.0001789709172259508,0.916420581655481,0.0071588366890380315,0.15
15,0.09977628635346757,0.0001789709172259508,0.8928859060402684,0.0071588366890380315,0.16
16,0.09977628635346757,0.0001789709172259508,0.8928859060402684,0.0071588366890380315,0.17
17,0.127248322147651,0.0001789709172259508,0.865413870246085,0.0071588366890380315,0.18
18,0.15624161073825504,0.00026845637583892615,0.8364205816554809,0.0070693512304250555,0.19
19,0.19588366890380313,0.0003579418344519016,0.7967785234899328,0.00697986577181208,0.2
20,0.23749440715883668,0.0003579418344519016,0.7551677852348994,0.00697986577181208,0.21
21,0.28,0.0003579418344519016,0.7126621923937361,0.00697986577181208,0.22
22,0.32715883668903806,0.0003579418344519016,0.665503355704698,0.00697986577181208,0.23
23,0.37986577181208053,0.0003579418344519016,0.6127964205816555,0.00697986577181208,0.24
24,0.4294407158836689,0.0003579418344519016,0.5632214765100672,0.00697986577181208,0.25
25,0.4294407158836689,0.0003579418344519016,0.5632214765100672,0.00697986577181208,0.26
26,0.4818791946308725,0.0003579418344519016,0.5107829977628635,0.00697986577181208,0.27
27,0.5348545861297539,0.00044742729306487697,0.4578076062639821,0.006890380313199105,0.28
28,0.5868456375838926,0.00044742729306487697,0.4058165548098434,0.006890380313199105,0.29
29,0.6359731543624161,0.0005369127516778523,0.3566890380313199,0.006800894854586129,0.3
30,0.6791946308724832,0.0005369127516778523,0.31346756152125277,0.006800894854586129,0.31
31,0.719821029082774,0.0005369127516778523,0.272841163310962,0.006800894854586129,0.32
32,0.7594630872483221,0.0005369127516778523,0.23319910514541387,0.006800894854586129,0.33
33,0.7594630872483221,0.0005369127516778523,0.23319910514541387,0.006800894854586129,0.34
34,0.7972259507829977,0.0005369127516778523,0.19543624161073825,0.006800894854586129,0.35
35,0.8270246085011186,0.0005369127516778523,0.16563758389261746,0.006800894854586129,0.36
36,0.8561968680089486,0.0007158836689038032,0.13646532438478748,0.006621923937360179,0.37
37,0.8784787472035794,0.0009843400447427293,0.1141834451901566,0.006353467561521253,0.38
38,0.898165548098434,0.0010738255033557046,0.09449664429530201,0.006263982102908278,0.39
39,0.9153467561521252,0.0013422818791946308,0.07731543624161073,0.005995525727069352,0.4
40,0.9301118568232662,0.001610738255033557,0.0625503355704698,0.005727069351230425,0.41
41,0.9301118568232662,0.001610738255033557,0.0625503355704698,0.005727069351230425,0.42
42,0.9396868008948546,0.0017897091722595079,0.05297539149888143,0.005548098434004474,0.43
43,0.9469351230425056,0.0018791946308724832,0.04572706935123042,0.005458612975391499,0.44
44,0.9553467561521253,0.002058165548098434,0.03731543624161074,0.005279642058165548,0.45
45,0.9616107382550335,0.002058165548098434,0.031051454138702462,0.005279642058165548,0.46
46,0.9665324384787473,0.002505592841163311,0.026129753914988816,0.004832214765100671,0.47
47,0.971006711409396,0.0026845637583892616,0.021655480984340045,0.004653243847874721,0.48
48,0.9750335570469799,0.002774049217002237,0.01762863534675615,0.004563758389261745,0.49
49,0.9777181208053691,0.002774049217002237,0.01494407158836689,0.004563758389261745,0.5
50,0.9777181208053691,0.002774049217002237,0.01494407158836689,0.004563758389261745,0.51
51,0.9804026845637583,0.002953020134228188,0.01225950782997763,0.004384787472035794,0.52
52,0.9828187919463087,0.0030425055928411633,0.009843400447427294,0.004295302013422818,0.53
53,0.9845190156599553,0.0030425055928411633,0.00814317673378076,0.004295302013422818,0.54
54,0.9854138702460851,0.0034004474272930647,0.007248322147651007,0.003937360178970917,0.55
55,0.9870246085011186,0.003668903803131991,0.005637583892617449,0.003668903803131991,0.56
56,0.9883668903803132,0.003847874720357942,0.004295302013422818,0.00348993288590604,0.57
57,0.9896196868008948,0.003937360178970917,0.0030425055928411633,0.0034004474272930647,0.58
58,0.9896196868008948,0.003937360178970917,0.0030425055928411633,0.0034004474272930647,0.59
59,0.9899776286353468,0.004116331096196868,0.0026845637583892616,0.003221476510067114,0.6
60,0.9913199105145414,0.004295302013422818,0.0013422818791946308,0.0030425055928411633,0.61
61,0.9918568232662193,0.0044742729306487695,0.0008053691275167785,0.0028635346756152127,0.62
62,0.9920357941834452,0.004563758389261745,0.0006263982102908277,0.002774049217002237,0.63
63,0.9921252796420582,0.004653243847874721,0.0005369127516778523,0.0026845637583892616,0.64
64,0.9921252796420582,0.004832214765100671,0.0005369127516778523,0.002505592841163311,0.65
65,0.9921252796420582,0.004921700223713647,0.0005369127516778523,0.0024161073825503354,0.66
66,0.9921252796420582,0.004921700223713647,0.0005369127516778523,0.0024161073825503354,0.67
67,0.9921252796420582,0.005190156599552573,0.0005369127516778523,0.002147651006711409,0.68
68,0.9922147651006712,0.005458612975391499,0.00044742729306487697,0.0018791946308724832,0.69
69,0.9923042505592841,0.005637583892617449,0.0003579418344519016,0.0017002237136465323,0.7
70,0.992393736017897,0.005727069351230425,0.00026845637583892615,0.001610738255033557,0.71
71,0.99248322147651,0.005995525727069352,0.0001789709172259508,0.0013422818791946308,0.72
72,0.992572706935123,0.006085011185682327,8.94854586129754e-05,0.0012527964205816555,0.73
73,0.992572706935123,0.006263982102908278,8.94854586129754e-05,0.0010738255033557046,0.74
74,0.992572706935123,0.006263982102908278,8.94854586129754e-05,0.0010738255033557046,0.75
75,0.992572706935123,0.006353467561521253,8.94854586129754e-05,0.0009843400447427293,0.76
76,0.992662192393736,0.006621923937360179,0.0,0.0007158836689038032,0.77
77,0.992662192393736,0.006711409395973154,0.0,0.0006263982102908277,0.78
78,0.992662192393736,0.006711409395973154,0.0,0.0006263982102908277,0.79
79,0.992662192393736,0.006711409395973154,0.0,0.0006263982102908277,0.8
80,0.992662192393736,0.006711409395973154,0.0,0.0006263982102908277,0.81
81,0.992662192393736,0.006711409395973154,0.0,0.0006263982102908277,0.82
82,0.992662192393736,0.006890380313199105,0.0,0.00044742729306487697,0.83
83,0.992662192393736,0.006890380313199105,0.0,0.00044742729306487697,0.84
84,0.992662192393736,0.006890380313199105,0.0,0.00044742729306487697,0.85
85,0.992662192393736,0.006890380313199105,0.0,0.00044742729306487697,0.86
86,0.992662192393736,0.006890380313199105,0.0,0.00044742729306487697,0.87
87,0.992662192393736,0.006890380313199105,0.0,0.00044742729306487697,0.88
88,0.992662192393736,0.00697986577181208,0.0,0.0003579418344519016,0.89
89,0.992662192393736,0.00697986577181208,0.0,0.0003579418344519016,0.9
90,0.992662192393736,0.0070693512304250555,0.0,0.00026845637583892615,0.91
91,0.992662192393736,0.0070693512304250555,0.0,0.00026845637583892615,0.92
92,0.992662192393736,0.0071588366890380315,0.0,0.0001789709172259508,0.93
93,0.992662192393736,0.007248322147651007,0.0,8.94854586129754e-05,0.94
94,0.992662192393736,0.007248322147651007,0.0,8.94854586129754e-05,0.95
95,0.992662192393736,0.007248322147651007,0.0,8.94854586129754e-05,0.96
96,0.992662192393736,0.007248322147651007,0.0,8.94854586129754e-05,0.97
97,0.992662192393736,0.007248322147651007,0.0,8.94854586129754e-05,0.98
98,0.992662192393736,0.007248322147651007,0.0,8.94854586129754e-05,0.99
99,0.992662192393736,0.007248322147651007,0.0,8.94854586129754e-05,1.0
