,tn,fp,fn,tp,percentage
0,8.94854586129754e-05,0.0,0.992572706935123,0.007337807606263982,0.01
1,0.00044742729306487697,0.0,0.9922147651006712,0.007337807606263982,0.02
2,0.0005369127516778523,0.0,0.9921252796420582,0.007337807606263982,0.03
3,0.0013422818791946308,0.0,0.9913199105145414,0.007337807606263982,0.04
4,0.0023266219239373603,0.0,0.9903355704697987,0.007337807606263982,0.05
5,0.003937360178970917,0.0,0.9887248322147651,0.007337807606263982,0.06
6,0.0058165548098434005,0.0,0.9868456375838927,0.007337807606263982,0.07
7,0.0058165548098434005,0.0,0.9868456375838927,0.007337807606263982,0.08
8,0.008859060402684563,0.0,0.9838031319910514,0.007337807606263982,0.09
9,0.013064876957494408,0.0,0.9795973154362416,0.007337807606263982,0.1
10,0.02174496644295302,8.94854586129754e-05,0.970917225950783,0.007248322147651007,0.11
11,0.03463087248322148,0.0001789709172259508,0.9580313199105145,0.0071588366890380315,0.12
12,0.049395973154362414,0.0001789709172259508,0.9432662192393736,0.0071588366890380315,0.13
13,0.06532438478747203,0.0001789709172259508,0.9273378076062639,0.0071588366890380315,0.14
14,0.06532438478747203,0.0001789709172259508,0.9273378076062639,0.0071588366890380315,0.15
15,0.08689038031319911,0.0001789709172259508,0.9057718120805369,0.0071588366890380315,0.16
16,0.1123937360178971,0.0001789709172259508,0.880268456375839,0.0071588366890380315,0.17
17,0.14380313199105146,0.00026845637583892615,0.8488590604026846,0.0070693512304250555,0.18
18,0.1793288590604027,0.0003579418344519016,0.8133333333333334,0.00697986577181208,0.19
19,0.22451901565995525,0.0003579418344519016,0.7681431767337807,0.00697986577181208,0.2
20,0.26809843400447425,0.0003579418344519016,0.7245637583892618,0.00697986577181208,0.21
21,0.26809843400447425,0.0003579418344519016,0.7245637583892618,0.00697986577181208,0.22
22,0.3175838926174497,0.0003579418344519016,0.6750782997762863,0.00697986577181208,0.23
23,0.37208053691275167,0.0003579418344519016,0.6205816554809843,0.00697986577181208,0.24
24,0.42380313199105146,0.0003579418344519016,0.5688590604026845,0.00697986577181208,0.25
25,0.4802684563758389,0.0003579418344519016,0.5123937360178971,0.00697986577181208,0.26
26,0.5354809843400448,0.00044742729306487697,0.4571812080536913,0.006890380313199105,0.27
27,0.5906935123042506,0.0005369127516778523,0.40196868008948544,0.006800894854586129,0.28
28,0.5906935123042506,0.0005369127516778523,0.40196868008948544,0.006800894854586129,0.29
29,0.6425055928411633,0.0005369127516778523,0.3501565995525727,0.006800894854586129,0.3
30,0.687337807606264,0.0005369127516778523,0.30532438478747204,0.006800894854586129,0.31
31,0.7302908277404921,0.0005369127516778523,0.26237136465324384,0.006800894854586129,0.32
32,0.7685011185682327,0.0005369127516778523,0.22416107382550335,0.006800894854586129,0.33
33,0.8062639821029083,0.0005369127516778523,0.18639821029082773,0.006800894854586129,0.34
34,0.840089485458613,0.0005369127516778523,0.15257270693512304,0.006800894854586129,0.35
35,0.840089485458613,0.0005369127516778523,0.15257270693512304,0.006800894854586129,0.36
36,0.8666666666666667,0.0008053691275167785,0.12599552572706935,0.006532438478747204,0.37
37,0.8878747203579418,0.0010738255033557046,0.10478747203579418,0.006263982102908278,0.38
38,0.9087248322147651,0.0011633109619686801,0.08393736017897092,0.006174496644295302,0.39
39,0.9244742729306488,0.0015212527964205817,0.06818791946308725,0.0058165548098434005,0.4
40,0.9366442953020134,0.0017897091722595079,0.05601789709172259,0.005548098434004474,0.41
41,0.945324384787472,0.0018791946308724832,0.04733780760626398,0.005458612975391499,0.42
42,0.945324384787472,0.0018791946308724832,0.04733780760626398,0.005458612975391499,0.43
43,0.9532885906040268,0.0019686800894854585,0.039373601789709174,0.005369127516778523,0.44
44,0.96,0.002058165548098434,0.032662192393736016,0.005279642058165548,0.45
45,0.9646532438478748,0.002147651006711409,0.028008948545861296,0.005190156599552573,0.46
46,0.9696644295302014,0.0025950782997762865,0.022997762863534676,0.004742729306487696,0.47
47,0.974496644295302,0.0026845637583892616,0.018165548098434004,0.004653243847874721,0.48
48,0.9771812080536912,0.002774049217002237,0.015480984340044742,0.004563758389261745,0.49
49,0.9797762863534676,0.0028635346756152127,0.012885906040268456,0.0044742729306487695,0.5
50,0.9797762863534676,0.0028635346756152127,0.012885906040268456,0.0044742729306487695,0.51
51,0.9827293064876957,0.0030425055928411633,0.009932885906040268,0.004295302013422818,0.52
52,0.9842505592841163,0.0030425055928411633,0.008411633109619687,0.004295302013422818,0.53
53,0.9856823266219239,0.0034004474272930647,0.00697986577181208,0.003937360178970917,0.54
54,0.9872930648769574,0.0035794183445190158,0.005369127516778523,0.0037583892617449664,0.55
55,0.9883668903803132,0.003847874720357942,0.004295302013422818,0.00348993288590604,0.56
56,0.9894407158836689,0.004026845637583893,0.003221476510067114,0.0033109619686800896,0.57
57,0.9894407158836689,0.004026845637583893,0.003221476510067114,0.0033109619686800896,0.58
58,0.9901565995525727,0.004205816554809843,0.002505592841163311,0.003131991051454139,0.59
59,0.9911409395973154,0.004384787472035794,0.0015212527964205817,0.002953020134228188,0.6
60,0.9918568232662193,0.0044742729306487695,0.0008053691275167785,0.0028635346756152127,0.61
61,0.9921252796420582,0.004653243847874721,0.0005369127516778523,0.0026845637583892616,0.62
62,0.9921252796420582,0.004742729306487696,0.0005369127516778523,0.0025950782997762865,0.63
63,0.9921252796420582,0.004921700223713647,0.0005369127516778523,0.0024161073825503354,0.64
64,0.9921252796420582,0.004921700223713647,0.0005369127516778523,0.0024161073825503354,0.65
65,0.9921252796420582,0.005011185682326622,0.0005369127516778523,0.0023266219239373603,0.66
66,0.9922147651006712,0.005369127516778523,0.00044742729306487697,0.0019686800894854585,0.67
67,0.9923042505592841,0.005458612975391499,0.0003579418344519016,0.0018791946308724832,0.68
68,0.992393736017897,0.005727069351230425,0.00026845637583892615,0.001610738255033557,0.69
69,0.99248322147651,0.0058165548098434005,0.0001789709172259508,0.0015212527964205817,0.7
70,0.99248322147651,0.006085011185682327,0.0001789709172259508,0.0012527964205816555,0.71
71,0.99248322147651,0.006085011185682327,0.0001789709172259508,0.0012527964205816555,0.72
72,0.992572706935123,0.006174496644295302,8.94854586129754e-05,0.0011633109619686801,0.73
73,0.992572706935123,0.006263982102908278,8.94854586129754e-05,0.0010738255033557046,0.74
74,0.992572706935123,0.006442953020134228,8.94854586129754e-05,0.0008948545861297539,0.75
75,0.992662192393736,0.006621923937360179,0.0,0.0007158836689038032,0.76
76,0.992662192393736,0.006621923937360179,0.0,0.0007158836689038032,0.77
77,0.992662192393736,0.006711409395973154,0.0,0.0006263982102908277,0.78
78,0.992662192393736,0.006711409395973154,0.0,0.0006263982102908277,0.79
79,0.992662192393736,0.006711409395973154,0.0,0.0006263982102908277,0.8
80,0.992662192393736,0.006711409395973154,0.0,0.0006263982102908277,0.81
81,0.992662192393736,0.006711409395973154,0.0,0.0006263982102908277,0.82
82,0.992662192393736,0.006890380313199105,0.0,0.00044742729306487697,0.83
83,0.992662192393736,0.006890380313199105,0.0,0.00044742729306487697,0.84
84,0.992662192393736,0.006890380313199105,0.0,0.00044742729306487697,0.85
85,0.992662192393736,0.006890380313199105,0.0,0.00044742729306487697,0.86
86,0.992662192393736,0.006890380313199105,0.0,0.00044742729306487697,0.87
87,0.992662192393736,0.006890380313199105,0.0,0.00044742729306487697,0.88
88,0.992662192393736,0.00697986577181208,0.0,0.0003579418344519016,0.89
89,0.992662192393736,0.0071588366890380315,0.0,0.0001789709172259508,0.9
90,0.992662192393736,0.0071588366890380315,0.0,0.0001789709172259508,0.91
91,0.992662192393736,0.0071588366890380315,0.0,0.0001789709172259508,0.92
92,0.992662192393736,0.0071588366890380315,0.0,0.0001789709172259508,0.93
93,0.992662192393736,0.007248322147651007,0.0,8.94854586129754e-05,0.94
94,0.992662192393736,0.007248322147651007,0.0,8.94854586129754e-05,0.95
95,0.992662192393736,0.007248322147651007,0.0,8.94854586129754e-05,0.96
96,0.992662192393736,0.007248322147651007,0.0,8.94854586129754e-05,0.97
97,0.992662192393736,0.007248322147651007,0.0,8.94854586129754e-05,0.98
98,0.992662192393736,0.007248322147651007,0.0,8.94854586129754e-05,0.99
99,0.992662192393736,0.007248322147651007,0.0,8.94854586129754e-05,1.0
