,tn,fp,fn,tp,percentage
0,0.00036036036036036037,0.0,0.9726126126126126,0.02702702702702703,0.01
1,0.00036036036036036037,0.0,0.9726126126126126,0.02702702702702703,0.02
2,0.0018018018018018018,0.0,0.9711711711711711,0.02702702702702703,0.03
3,0.002882882882882883,0.0,0.9700900900900901,0.02702702702702703,0.04
4,0.0036036036036036037,0.0,0.9693693693693693,0.02702702702702703,0.05
5,0.0046846846846846845,0.0,0.9682882882882883,0.02702702702702703,0.06
6,0.006126126126126126,0.0,0.9668468468468469,0.02702702702702703,0.07
7,0.00972972972972973,0.0,0.9632432432432433,0.02702702702702703,0.08
8,0.014054054054054054,0.0,0.9589189189189189,0.02702702702702703,0.09
9,0.016576576576576577,0.0,0.9563963963963964,0.02702702702702703,0.1
10,0.01981981981981982,0.0,0.9531531531531532,0.02702702702702703,0.11
11,0.03099099099099099,0.0,0.941981981981982,0.02702702702702703,0.12
12,0.04288288288288288,0.0,0.9300900900900901,0.02702702702702703,0.13
13,0.05333333333333334,0.0,0.9196396396396397,0.02702702702702703,0.14
14,0.06378378378378378,0.0,0.9091891891891892,0.02702702702702703,0.15
15,0.09045045045045046,0.0,0.8825225225225225,0.02702702702702703,0.16
16,0.10882882882882883,0.0,0.8641441441441442,0.02702702702702703,0.17
17,0.12756756756756757,0.0,0.8454054054054054,0.02702702702702703,0.18
18,0.14738738738738738,0.0,0.8255855855855856,0.02702702702702703,0.19
19,0.19603603603603603,0.0,0.7769369369369369,0.02702702702702703,0.2
20,0.22558558558558559,0.0,0.7473873873873874,0.02702702702702703,0.21
21,0.24972972972972973,0.0,0.7232432432432433,0.02702702702702703,0.22
22,0.27783783783783783,0.0,0.6951351351351351,0.02702702702702703,0.23
23,0.3333333333333333,0.0,0.6396396396396397,0.02702702702702703,0.24
24,0.37261261261261264,0.0,0.6003603603603603,0.02702702702702703,0.25
25,0.41153153153153155,0.0,0.5614414414414415,0.02702702702702703,0.26
26,0.4774774774774775,0.0,0.4954954954954955,0.02702702702702703,0.27
27,0.5156756756756756,0.0,0.4572972972972973,0.02702702702702703,0.28
28,0.5484684684684684,0.0,0.4245045045045045,0.02702702702702703,0.29
29,0.5848648648648649,0.0,0.3881081081081081,0.02702702702702703,0.3
30,0.6472072072072073,0.0,0.32576576576576577,0.02702702702702703,0.31
31,0.6738738738738739,0.0,0.2990990990990991,0.02702702702702703,0.32
32,0.7041441441441442,0.0,0.2688288288288288,0.02702702702702703,0.33
33,0.7293693693693694,0.0,0.2436036036036036,0.02702702702702703,0.34
34,0.7754954954954955,0.00036036036036036037,0.1974774774774775,0.02666666666666667,0.35
35,0.7917117117117117,0.00036036036036036037,0.18126126126126127,0.02666666666666667,0.36
36,0.8144144144144144,0.00036036036036036037,0.15855855855855855,0.02666666666666667,0.37
37,0.8284684684684684,0.0007207207207207207,0.1445045045045045,0.026306306306306305,0.38
38,0.8616216216216216,0.001081081081081081,0.11135135135135135,0.025945945945945945,0.39
39,0.8760360360360361,0.001081081081081081,0.09693693693693693,0.025945945945945945,0.4
40,0.887927927927928,0.0014414414414414415,0.08504504504504505,0.025585585585585584,0.41
41,0.9005405405405406,0.0018018018018018018,0.07243243243243243,0.025225225225225224,0.42
42,0.9171171171171171,0.002162162162162162,0.055855855855855854,0.024864864864864864,0.43
43,0.9243243243243243,0.002162162162162162,0.04864864864864865,0.024864864864864864,0.44
44,0.9293693693693694,0.002162162162162162,0.0436036036036036,0.024864864864864864,0.45
45,0.9344144144144144,0.0025225225225225223,0.03855855855855856,0.024504504504504504,0.46
46,0.9448648648648649,0.002882882882882883,0.02810810810810811,0.024144144144144144,0.47
47,0.9466666666666667,0.002882882882882883,0.026306306306306305,0.024144144144144144,0.48
48,0.947027027027027,0.003243243243243243,0.025945945945945945,0.023783783783783784,0.49
49,0.9502702702702702,0.003243243243243243,0.022702702702702703,0.023783783783783784,0.5
50,0.9553153153153153,0.003963963963963964,0.017657657657657658,0.023063063063063063,0.51
51,0.9585585585585585,0.003963963963963964,0.014414414414414415,0.023063063063063063,0.52
52,0.9603603603603603,0.0046846846846846845,0.012612612612612612,0.022342342342342343,0.53
53,0.9628828828828829,0.005045045045045045,0.01009009009009009,0.021981981981981983,0.54
54,0.9650450450450451,0.005405405405405406,0.007927927927927928,0.021621621621621623,0.55
55,0.9664864864864865,0.005765765765765766,0.006486486486486486,0.021261261261261263,0.56
56,0.969009009009009,0.005765765765765766,0.003963963963963964,0.021261261261261263,0.57
57,0.9708108108108108,0.006126126126126126,0.002162162162162162,0.020900900900900903,0.58
58,0.9711711711711711,0.006846846846846847,0.0018018018018018018,0.02018018018018018,0.59
59,0.9715315315315315,0.007207207207207207,0.0014414414414414415,0.01981981981981982,0.6
60,0.9715315315315315,0.007927927927927928,0.0014414414414414415,0.0190990990990991,0.61
61,0.9718918918918918,0.00972972972972973,0.001081081081081081,0.017297297297297298,0.62
62,0.9722522522522522,0.01009009009009009,0.0007207207207207207,0.016936936936936937,0.63
63,0.9722522522522522,0.01009009009009009,0.0007207207207207207,0.016936936936936937,0.64
64,0.9722522522522522,0.011171171171171172,0.0007207207207207207,0.015855855855855857,0.65
65,0.9726126126126126,0.012252252252252252,0.00036036036036036037,0.014774774774774775,0.66
66,0.972972972972973,0.012972972972972972,0.0,0.014054054054054054,0.67
67,0.972972972972973,0.014414414414414415,0.0,0.012612612612612612,0.68
68,0.972972972972973,0.014414414414414415,0.0,0.012612612612612612,0.69
69,0.972972972972973,0.015855855855855857,0.0,0.011171171171171172,0.7
70,0.972972972972973,0.016216216216216217,0.0,0.010810810810810811,0.71
71,0.972972972972973,0.016936936936936937,0.0,0.01009009009009009,0.72
72,0.972972972972973,0.017297297297297298,0.0,0.00972972972972973,0.73
73,0.972972972972973,0.018378378378378378,0.0,0.008648648648648649,0.74
74,0.972972972972973,0.018738738738738738,0.0,0.008288288288288289,0.75
75,0.972972972972973,0.018738738738738738,0.0,0.008288288288288289,0.76
76,0.972972972972973,0.01945945945945946,0.0,0.0075675675675675675,0.77
77,0.972972972972973,0.01981981981981982,0.0,0.007207207207207207,0.78
78,0.972972972972973,0.02054054054054054,0.0,0.006486486486486486,0.79
79,0.972972972972973,0.020900900900900903,0.0,0.006126126126126126,0.8
80,0.972972972972973,0.022342342342342343,0.0,0.0046846846846846845,0.81
81,0.972972972972973,0.022342342342342343,0.0,0.0046846846846846845,0.82
82,0.972972972972973,0.023063063063063063,0.0,0.003963963963963964,0.83
83,0.972972972972973,0.023063063063063063,0.0,0.003963963963963964,0.84
84,0.972972972972973,0.023423423423423424,0.0,0.0036036036036036037,0.85
85,0.972972972972973,0.023783783783783784,0.0,0.003243243243243243,0.86
86,0.972972972972973,0.024144144144144144,0.0,0.002882882882882883,0.87
87,0.972972972972973,0.024144144144144144,0.0,0.002882882882882883,0.88
88,0.972972972972973,0.025225225225225224,0.0,0.0018018018018018018,0.89
89,0.972972972972973,0.025585585585585584,0.0,0.0014414414414414415,0.9
90,0.972972972972973,0.026306306306306305,0.0,0.0007207207207207207,0.91
91,0.972972972972973,0.026306306306306305,0.0,0.0007207207207207207,0.92
92,0.972972972972973,0.026306306306306305,0.0,0.0007207207207207207,0.93
93,0.972972972972973,0.026306306306306305,0.0,0.0007207207207207207,0.94
94,0.972972972972973,0.026306306306306305,0.0,0.0007207207207207207,0.95
95,0.972972972972973,0.026306306306306305,0.0,0.0007207207207207207,0.96
96,0.972972972972973,0.026306306306306305,0.0,0.0007207207207207207,0.97
97,0.972972972972973,0.026306306306306305,0.0,0.0007207207207207207,0.98
98,0.972972972972973,0.02666666666666667,0.0,0.00036036036036036037,0.99
99,0.972972972972973,0.02666666666666667,0.0,0.00036036036036036037,1.0
