,tn,fp,fn,tp,percentage
0,0.001081081081081081,0.0,0.9718918918918918,0.02702702702702703,0.01
1,0.003243243243243243,0.0,0.9697297297297297,0.02702702702702703,0.02
2,0.006126126126126126,0.0,0.9668468468468469,0.02702702702702703,0.03
3,0.007207207207207207,0.0,0.9657657657657658,0.02702702702702703,0.04
4,0.00972972972972973,0.0,0.9632432432432433,0.02702702702702703,0.05
5,0.010810810810810811,0.0,0.9621621621621622,0.02702702702702703,0.06
6,0.014414414414414415,0.0,0.9585585585585585,0.02702702702702703,0.07
7,0.01945945945945946,0.0,0.9535135135135135,0.02702702702702703,0.08
8,0.024504504504504504,0.0,0.9484684684684684,0.02702702702702703,0.09
9,0.02846846846846847,0.0,0.9445045045045045,0.02702702702702703,0.1
10,0.0363963963963964,0.0,0.9365765765765766,0.02702702702702703,0.11
11,0.03783783783783784,0.0,0.9351351351351351,0.02702702702702703,0.12
12,0.04540540540540541,0.0,0.9275675675675675,0.02702702702702703,0.13
13,0.05153153153153153,0.0,0.9214414414414415,0.02702702702702703,0.14
14,0.0590990990990991,0.00036036036036036037,0.9138738738738739,0.02666666666666667,0.15
15,0.06774774774774775,0.00036036036036036037,0.9052252252252252,0.02666666666666667,0.16
16,0.07099099099099099,0.00036036036036036037,0.901981981981982,0.02666666666666667,0.17
17,0.08252252252252253,0.00036036036036036037,0.8904504504504505,0.02666666666666667,0.18
18,0.08972972972972973,0.00036036036036036037,0.8832432432432432,0.02666666666666667,0.19
19,0.10018018018018018,0.0007207207207207207,0.8727927927927928,0.026306306306306305,0.2
20,0.11531531531531532,0.0007207207207207207,0.8576576576576577,0.026306306306306305,0.21
21,0.1300900900900901,0.0007207207207207207,0.8428828828828829,0.026306306306306305,0.22
22,0.1354954954954955,0.0007207207207207207,0.8374774774774775,0.026306306306306305,0.23
23,0.1499099099099099,0.0007207207207207207,0.8230630630630631,0.026306306306306305,0.24
24,0.16396396396396395,0.0007207207207207207,0.809009009009009,0.026306306306306305,0.25
25,0.18306306306306305,0.0007207207207207207,0.78990990990991,0.026306306306306305,0.26
26,0.19531531531531532,0.0007207207207207207,0.7776576576576577,0.026306306306306305,0.27
27,0.20252252252252254,0.0007207207207207207,0.7704504504504505,0.026306306306306305,0.28
28,0.21405405405405406,0.0007207207207207207,0.7589189189189189,0.026306306306306305,0.29
29,0.22954954954954954,0.0007207207207207207,0.7434234234234234,0.026306306306306305,0.3
30,0.2464864864864865,0.0007207207207207207,0.7264864864864865,0.026306306306306305,0.31
31,0.26054054054054054,0.0007207207207207207,0.7124324324324325,0.026306306306306305,0.32
32,0.2781981981981982,0.0007207207207207207,0.6947747747747748,0.026306306306306305,0.33
33,0.2864864864864865,0.0007207207207207207,0.6864864864864865,0.026306306306306305,0.34
34,0.301981981981982,0.0007207207207207207,0.670990990990991,0.026306306306306305,0.35
35,0.3178378378378378,0.0007207207207207207,0.6551351351351351,0.026306306306306305,0.36
36,0.3362162162162162,0.0007207207207207207,0.6367567567567568,0.026306306306306305,0.37
37,0.35063063063063066,0.0007207207207207207,0.6223423423423423,0.026306306306306305,0.38
38,0.3592792792792793,0.0007207207207207207,0.6136936936936936,0.026306306306306305,0.39
39,0.37657657657657656,0.001081081081081081,0.5963963963963964,0.025945945945945945,0.4
40,0.39603603603603604,0.001081081081081081,0.5769369369369369,0.025945945945945945,0.41
41,0.41549549549549547,0.001081081081081081,0.5574774774774774,0.025945945945945945,0.42
42,0.4353153153153153,0.001081081081081081,0.5376576576576576,0.025945945945945945,0.43
43,0.45693693693693693,0.001081081081081081,0.516036036036036,0.025945945945945945,0.44
44,0.4663063063063063,0.001081081081081081,0.5066666666666667,0.025945945945945945,0.45
45,0.4846846846846847,0.001081081081081081,0.4882882882882883,0.025945945945945945,0.46
46,0.5027027027027027,0.001081081081081081,0.4702702702702703,0.025945945945945945,0.47
47,0.5239639639639639,0.001081081081081081,0.44900900900900903,0.025945945945945945,0.48
48,0.541981981981982,0.001081081081081081,0.430990990990991,0.025945945945945945,0.49
49,0.5502702702702703,0.001081081081081081,0.4227027027027027,0.025945945945945945,0.5
50,0.5672072072072072,0.001081081081081081,0.4057657657657658,0.025945945945945945,0.51
51,0.5848648648648649,0.001081081081081081,0.3881081081081081,0.025945945945945945,0.52
52,0.6025225225225225,0.0014414414414414415,0.37045045045045044,0.025585585585585584,0.53
53,0.6205405405405405,0.0014414414414414415,0.35243243243243244,0.025585585585585584,0.54
54,0.6428828828828829,0.0025225225225225223,0.3300900900900901,0.024504504504504504,0.55
55,0.6511711711711712,0.0025225225225225223,0.3218018018018018,0.024504504504504504,0.56
56,0.6706306306306307,0.0025225225225225223,0.30234234234234236,0.024504504504504504,0.57
57,0.6882882882882883,0.003243243243243243,0.28468468468468466,0.023783783783783784,0.58
58,0.7016216216216217,0.003243243243243243,0.27135135135135136,0.023783783783783784,0.59
59,0.7178378378378378,0.0036036036036036037,0.25513513513513514,0.023423423423423424,0.6
60,0.7354954954954955,0.003963963963963964,0.23747747747747747,0.023063063063063063,0.61
61,0.7441441441441441,0.003963963963963964,0.22882882882882882,0.023063063063063063,0.62
62,0.7581981981981982,0.004324324324324324,0.21477477477477477,0.022702702702702703,0.63
63,0.7708108108108108,0.004324324324324324,0.20216216216216215,0.022702702702702703,0.64
64,0.7884684684684685,0.004324324324324324,0.1845045045045045,0.022702702702702703,0.65
65,0.8,0.005405405405405406,0.17297297297297298,0.021621621621621623,0.66
66,0.8054054054054054,0.005765765765765766,0.16756756756756758,0.021261261261261263,0.67
67,0.8172972972972973,0.005765765765765766,0.15567567567567567,0.021261261261261263,0.68
68,0.8299099099099099,0.006846846846846847,0.14306306306306307,0.02018018018018018,0.69
69,0.8392792792792793,0.007207207207207207,0.1336936936936937,0.01981981981981982,0.7
70,0.8515315315315315,0.0075675675675675675,0.12144144144144144,0.01945945945945946,0.71
71,0.863063063063063,0.007927927927927928,0.10990990990990991,0.0190990990990991,0.72
72,0.8673873873873874,0.007927927927927928,0.10558558558558559,0.0190990990990991,0.73
73,0.8763963963963964,0.007927927927927928,0.09657657657657658,0.0190990990990991,0.74
74,0.8893693693693694,0.008648648648648649,0.08360360360360361,0.018378378378378378,0.75
75,0.8972972972972973,0.009369369369369369,0.07567567567567568,0.017657657657657658,0.76
76,0.9034234234234234,0.00972972972972973,0.06954954954954955,0.017297297297297298,0.77
77,0.9084684684684685,0.010450450450450451,0.0645045045045045,0.016576576576576577,0.78
78,0.9167567567567567,0.010450450450450451,0.05621621621621622,0.016576576576576577,0.79
79,0.9232432432432433,0.011171171171171172,0.04972972972972973,0.015855855855855857,0.8
80,0.9311711711711712,0.011531531531531532,0.041801801801801805,0.015495495495495495,0.81
81,0.939099099099099,0.011891891891891892,0.033873873873873875,0.015135135135135135,0.82
82,0.9445045045045045,0.012612612612612612,0.02846846846846847,0.014414414414414415,0.83
83,0.9473873873873874,0.012612612612612612,0.025585585585585584,0.014414414414414415,0.84
84,0.9502702702702702,0.013693693693693694,0.022702702702702703,0.013333333333333334,0.85
85,0.9553153153153153,0.014054054054054054,0.017657657657657658,0.012972972972972972,0.86
86,0.9592792792792793,0.015135135135135135,0.013693693693693694,0.011891891891891892,0.87
87,0.961081081081081,0.015495495495495495,0.011891891891891892,0.011531531531531532,0.88
88,0.9618018018018017,0.015855855855855857,0.011171171171171172,0.011171171171171172,0.89
89,0.9650450450450451,0.016936936936936937,0.007927927927927928,0.01009009009009009,0.9
90,0.9668468468468469,0.018018018018018018,0.006126126126126126,0.009009009009009009,0.91
91,0.9686486486486486,0.018378378378378378,0.004324324324324324,0.008648648648648649,0.92
92,0.969009009009009,0.0190990990990991,0.003963963963963964,0.007927927927927928,0.93
93,0.9700900900900901,0.01981981981981982,0.002882882882882883,0.007207207207207207,0.94
94,0.9704504504504504,0.02054054054054054,0.0025225225225225223,0.006486486486486486,0.95
95,0.9715315315315315,0.021261261261261263,0.0014414414414414415,0.005765765765765766,0.96
96,0.9722522522522522,0.022702702702702703,0.0007207207207207207,0.004324324324324324,0.97
97,0.9726126126126126,0.024504504504504504,0.00036036036036036037,0.0025225225225225223,0.98
98,0.9726126126126126,0.026306306306306305,0.00036036036036036037,0.0007207207207207207,0.99
99,0.9726126126126126,0.02702702702702703,0.00036036036036036037,0.0,1.0
