,tn,fp,fn,tp,percentage
0,0.0007207207207207207,0.0,0.9722522522522522,0.02702702702702703,0.01
1,0.001081081081081081,0.0,0.9718918918918918,0.02702702702702703,0.02
2,0.0014414414414414415,0.0,0.9715315315315315,0.02702702702702703,0.03
3,0.002162162162162162,0.0,0.9708108108108108,0.02702702702702703,0.04
4,0.005045045045045045,0.0,0.9679279279279279,0.02702702702702703,0.05
5,0.009009009009009009,0.0,0.963963963963964,0.02702702702702703,0.06
6,0.011171171171171172,0.0,0.9618018018018017,0.02702702702702703,0.07
7,0.013693693693693694,0.0,0.9592792792792793,0.02702702702702703,0.08
8,0.018378378378378378,0.0,0.9545945945945946,0.02702702702702703,0.09
9,0.02738738738738739,0.0,0.9455855855855856,0.02702702702702703,0.1
10,0.036036036036036036,0.0,0.9369369369369369,0.02702702702702703,0.11
11,0.06054054054054054,0.0,0.9124324324324324,0.02702702702702703,0.12
12,0.07531531531531531,0.0,0.8976576576576577,0.02702702702702703,0.13
13,0.09297297297297297,0.0,0.88,0.02702702702702703,0.14
14,0.11207207207207207,0.0,0.8609009009009009,0.02702702702702703,0.15
15,0.14198198198198198,0.0,0.8309909909909909,0.02702702702702703,0.16
16,0.16504504504504505,0.0,0.8079279279279279,0.02702702702702703,0.17
17,0.22054054054054054,0.0,0.7524324324324324,0.02702702702702703,0.18
18,0.25765765765765763,0.0,0.7153153153153153,0.02702702702702703,0.19
19,0.28936936936936936,0.0,0.6836036036036036,0.02702702702702703,0.2
20,0.3272072072072072,0.0,0.6457657657657657,0.02702702702702703,0.21
21,0.37513513513513513,0.0,0.5978378378378378,0.02702702702702703,0.22
22,0.42342342342342343,0.0,0.5495495495495496,0.02702702702702703,0.23
23,0.5106306306306306,0.0,0.46234234234234234,0.02702702702702703,0.24
24,0.5574774774774774,0.0,0.41549549549549547,0.02702702702702703,0.25
25,0.5996396396396396,0.0,0.37333333333333335,0.02702702702702703,0.26
26,0.6374774774774775,0.0,0.3354954954954955,0.02702702702702703,0.27
27,0.6717117117117117,0.0,0.30126126126126124,0.02702702702702703,0.28
28,0.7034234234234235,0.0,0.26954954954954957,0.02702702702702703,0.29
29,0.7614414414414414,0.0,0.21153153153153154,0.02702702702702703,0.3
30,0.7863063063063063,0.0,0.18666666666666668,0.02702702702702703,0.31
31,0.8151351351351351,0.0007207207207207207,0.15783783783783784,0.026306306306306305,0.32
32,0.8371171171171171,0.0007207207207207207,0.13585585585585586,0.026306306306306305,0.33
33,0.8558558558558559,0.0007207207207207207,0.11711711711711711,0.026306306306306305,0.34
34,0.8742342342342342,0.001081081081081081,0.09873873873873874,0.025945945945945945,0.35
35,0.8972972972972973,0.0014414414414414415,0.07567567567567568,0.025585585585585584,0.36
36,0.9102702702702703,0.0018018018018018018,0.0627027027027027,0.025225225225225224,0.37
37,0.9196396396396397,0.002162162162162162,0.05333333333333334,0.024864864864864864,0.38
38,0.9293693693693694,0.002162162162162162,0.0436036036036036,0.024864864864864864,0.39
39,0.9354954954954955,0.002162162162162162,0.037477477477477476,0.024864864864864864,0.4
40,0.9398198198198198,0.0025225225225225223,0.033153153153153155,0.024504504504504504,0.41
41,0.9473873873873874,0.002882882882882883,0.025585585585585584,0.024144144144144144,0.42
42,0.9491891891891892,0.0036036036036036037,0.023783783783783784,0.023423423423423424,0.43
43,0.9527927927927928,0.0036036036036036037,0.02018018018018018,0.023423423423423424,0.44
44,0.9542342342342343,0.003963963963963964,0.018738738738738738,0.023063063063063063,0.45
45,0.9571171171171171,0.004324324324324324,0.015855855855855857,0.022702702702702703,0.46
46,0.96,0.0046846846846846845,0.012972972972972972,0.022342342342342343,0.47
47,0.9632432432432433,0.005045045045045045,0.00972972972972973,0.021981981981981983,0.48
48,0.9654054054054054,0.005765765765765766,0.0075675675675675675,0.021261261261261263,0.49
49,0.9664864864864865,0.005765765765765766,0.006486486486486486,0.021261261261261263,0.5
50,0.9686486486486486,0.006126126126126126,0.004324324324324324,0.020900900900900903,0.51
51,0.9697297297297297,0.006486486486486486,0.003243243243243243,0.02054054054054054,0.52
52,0.9708108108108108,0.007207207207207207,0.002162162162162162,0.01981981981981982,0.53
53,0.9711711711711711,0.0075675675675675675,0.0018018018018018018,0.01945945945945946,0.54
54,0.9711711711711711,0.007927927927927928,0.0018018018018018018,0.0190990990990991,0.55
55,0.9715315315315315,0.008648648648648649,0.0014414414414414415,0.018378378378378378,0.56
56,0.9718918918918918,0.009369369369369369,0.001081081081081081,0.017657657657657658,0.57
57,0.9722522522522522,0.01009009009009009,0.0007207207207207207,0.016936936936936937,0.58
58,0.9722522522522522,0.011891891891891892,0.0007207207207207207,0.015135135135135135,0.59
59,0.9722522522522522,0.013333333333333334,0.0007207207207207207,0.013693693693693694,0.6
60,0.9722522522522522,0.014054054054054054,0.0007207207207207207,0.012972972972972972,0.61
61,0.9722522522522522,0.015135135135135135,0.0007207207207207207,0.011891891891891892,0.62
62,0.9726126126126126,0.015495495495495495,0.00036036036036036037,0.011531531531531532,0.63
63,0.972972972972973,0.015495495495495495,0.0,0.011531531531531532,0.64
64,0.972972972972973,0.016576576576576577,0.0,0.010450450450450451,0.65
65,0.972972972972973,0.016936936936936937,0.0,0.01009009009009009,0.66
66,0.972972972972973,0.016936936936936937,0.0,0.01009009009009009,0.67
67,0.972972972972973,0.018018018018018018,0.0,0.009009009009009009,0.68
68,0.972972972972973,0.018018018018018018,0.0,0.009009009009009009,0.69
69,0.972972972972973,0.018738738738738738,0.0,0.008288288288288289,0.7
70,0.972972972972973,0.02054054054054054,0.0,0.006486486486486486,0.71
71,0.972972972972973,0.021621621621621623,0.0,0.005405405405405406,0.72
72,0.972972972972973,0.022342342342342343,0.0,0.0046846846846846845,0.73
73,0.972972972972973,0.022702702702702703,0.0,0.004324324324324324,0.74
74,0.972972972972973,0.022702702702702703,0.0,0.004324324324324324,0.75
75,0.972972972972973,0.022702702702702703,0.0,0.004324324324324324,0.76
76,0.972972972972973,0.023783783783783784,0.0,0.003243243243243243,0.77
77,0.972972972972973,0.023783783783783784,0.0,0.003243243243243243,0.78
78,0.972972972972973,0.024504504504504504,0.0,0.0025225225225225223,0.79
79,0.972972972972973,0.024504504504504504,0.0,0.0025225225225225223,0.8
80,0.972972972972973,0.024504504504504504,0.0,0.0025225225225225223,0.81
81,0.972972972972973,0.024504504504504504,0.0,0.0025225225225225223,0.82
82,0.972972972972973,0.024864864864864864,0.0,0.002162162162162162,0.83
83,0.972972972972973,0.025585585585585584,0.0,0.0014414414414414415,0.84
84,0.972972972972973,0.025585585585585584,0.0,0.0014414414414414415,0.85
85,0.972972972972973,0.025585585585585584,0.0,0.0014414414414414415,0.86
86,0.972972972972973,0.025945945945945945,0.0,0.001081081081081081,0.87
87,0.972972972972973,0.025945945945945945,0.0,0.001081081081081081,0.88
88,0.972972972972973,0.026306306306306305,0.0,0.0007207207207207207,0.89
89,0.972972972972973,0.026306306306306305,0.0,0.0007207207207207207,0.9
90,0.972972972972973,0.026306306306306305,0.0,0.0007207207207207207,0.91
91,0.972972972972973,0.026306306306306305,0.0,0.0007207207207207207,0.92
92,0.972972972972973,0.026306306306306305,0.0,0.0007207207207207207,0.93
93,0.972972972972973,0.026306306306306305,0.0,0.0007207207207207207,0.94
94,0.972972972972973,0.026306306306306305,0.0,0.0007207207207207207,0.95
95,0.972972972972973,0.026306306306306305,0.0,0.0007207207207207207,0.96
96,0.972972972972973,0.026306306306306305,0.0,0.0007207207207207207,0.97
97,0.972972972972973,0.02666666666666667,0.0,0.00036036036036036037,0.98
98,0.972972972972973,0.02666666666666667,0.0,0.00036036036036036037,0.99
99,0.972972972972973,0.02666666666666667,0.0,0.00036036036036036037,1.0
