,tn,fp,fn,tp,percentage
0,0.0018018018018018018,0.0,0.9711711711711711,0.02702702702702703,0.01
1,0.0025225225225225223,0.0,0.9704504504504504,0.02702702702702703,0.02
2,0.004324324324324324,0.0,0.9686486486486486,0.02702702702702703,0.03
3,0.007207207207207207,0.0,0.9657657657657658,0.02702702702702703,0.04
4,0.009009009009009009,0.0,0.963963963963964,0.02702702702702703,0.05
5,0.011171171171171172,0.0,0.9618018018018017,0.02702702702702703,0.06
6,0.013333333333333334,0.0,0.9596396396396396,0.02702702702702703,0.07
7,0.01981981981981982,0.0,0.9531531531531532,0.02702702702702703,0.08
8,0.024864864864864864,0.0,0.9481081081081081,0.02702702702702703,0.09
9,0.05333333333333334,0.0,0.9196396396396397,0.02702702702702703,0.1
10,0.06774774774774775,0.0,0.9052252252252252,0.02702702702702703,0.11
11,0.08288288288288288,0.0,0.8900900900900901,0.02702702702702703,0.12
12,0.10414414414414415,0.0,0.8688288288288288,0.02702702702702703,0.13
13,0.13297297297297297,0.0,0.84,0.02702702702702703,0.14
14,0.16648648648648648,0.0,0.8064864864864865,0.02702702702702703,0.15
15,0.19711711711711713,0.0,0.7758558558558558,0.02702702702702703,0.16
16,0.23135135135135135,0.0,0.7416216216216216,0.02702702702702703,0.17
17,0.26306306306306304,0.0,0.7099099099099099,0.02702702702702703,0.18
18,0.3535135135135135,0.0,0.6194594594594595,0.02702702702702703,0.19
19,0.4036036036036036,0.0,0.5693693693693693,0.02702702702702703,0.2
20,0.45837837837837836,0.0,0.5145945945945946,0.02702702702702703,0.21
21,0.5138738738738738,0.0,0.4590990990990991,0.02702702702702703,0.22
22,0.556036036036036,0.0,0.41693693693693695,0.02702702702702703,0.23
23,0.6025225225225225,0.0,0.37045045045045044,0.02702702702702703,0.24
24,0.6522522522522523,0.0,0.3207207207207207,0.02702702702702703,0.25
25,0.689009009009009,0.0,0.28396396396396395,0.02702702702702703,0.26
26,0.721081081081081,0.0,0.2518918918918919,0.02702702702702703,0.27
27,0.7855855855855856,0.0,0.1873873873873874,0.02702702702702703,0.28
28,0.8140540540540541,0.00036036036036036037,0.1589189189189189,0.02666666666666667,0.29
29,0.836036036036036,0.00036036036036036037,0.13693693693693693,0.02666666666666667,0.3
30,0.8572972972972973,0.0007207207207207207,0.11567567567567567,0.026306306306306305,0.31
31,0.8749549549549549,0.0007207207207207207,0.09801801801801802,0.026306306306306305,0.32
32,0.892972972972973,0.0007207207207207207,0.08,0.026306306306306305,0.33
33,0.9055855855855856,0.0014414414414414415,0.06738738738738739,0.025585585585585584,0.34
34,0.9174774774774774,0.0014414414414414415,0.0554954954954955,0.025585585585585584,0.35
35,0.9268468468468468,0.002162162162162162,0.04612612612612613,0.024864864864864864,0.36
36,0.939099099099099,0.0025225225225225223,0.033873873873873875,0.024504504504504504,0.37
37,0.9437837837837838,0.0025225225225225223,0.02918918918918919,0.024504504504504504,0.38
38,0.9473873873873874,0.0025225225225225223,0.025585585585585584,0.024504504504504504,0.39
39,0.9517117117117118,0.003243243243243243,0.021261261261261263,0.023783783783783784,0.4
40,0.9538738738738739,0.0036036036036036037,0.0190990990990991,0.023423423423423424,0.41
41,0.9556756756756757,0.003963963963963964,0.017297297297297298,0.023063063063063063,0.42
42,0.9589189189189189,0.004324324324324324,0.014054054054054054,0.022702702702702703,0.43
43,0.9603603603603603,0.004324324324324324,0.012612612612612612,0.022702702702702703,0.44
44,0.9614414414414414,0.005045045045045045,0.011531531531531532,0.021981981981981983,0.45
45,0.9668468468468469,0.005765765765765766,0.006126126126126126,0.021261261261261263,0.46
46,0.9682882882882883,0.006126126126126126,0.0046846846846846845,0.020900900900900903,0.47
47,0.9697297297297297,0.006126126126126126,0.003243243243243243,0.020900900900900903,0.48
48,0.9700900900900901,0.007207207207207207,0.002882882882882883,0.01981981981981982,0.49
49,0.9708108108108108,0.0075675675675675675,0.002162162162162162,0.01945945945945946,0.5
50,0.9715315315315315,0.008288288288288289,0.0014414414414414415,0.018738738738738738,0.51
51,0.9715315315315315,0.009369369369369369,0.0014414414414414415,0.017657657657657658,0.52
52,0.9718918918918918,0.009369369369369369,0.001081081081081081,0.017657657657657658,0.53
53,0.9722522522522522,0.009369369369369369,0.0007207207207207207,0.017657657657657658,0.54
54,0.9722522522522522,0.010450450450450451,0.0007207207207207207,0.016576576576576577,0.55
55,0.9722522522522522,0.011531531531531532,0.0007207207207207207,0.015495495495495495,0.56
56,0.9722522522522522,0.013333333333333334,0.0007207207207207207,0.013693693693693694,0.57
57,0.9722522522522522,0.014054054054054054,0.0007207207207207207,0.012972972972972972,0.58
58,0.9722522522522522,0.014414414414414415,0.0007207207207207207,0.012612612612612612,0.59
59,0.9726126126126126,0.015135135135135135,0.00036036036036036037,0.011891891891891892,0.6
60,0.972972972972973,0.015495495495495495,0.0,0.011531531531531532,0.61
61,0.972972972972973,0.016576576576576577,0.0,0.010450450450450451,0.62
62,0.972972972972973,0.017297297297297298,0.0,0.00972972972972973,0.63
63,0.972972972972973,0.018018018018018018,0.0,0.009009009009009009,0.64
64,0.972972972972973,0.018018018018018018,0.0,0.009009009009009009,0.65
65,0.972972972972973,0.0190990990990991,0.0,0.007927927927927928,0.66
66,0.972972972972973,0.0190990990990991,0.0,0.007927927927927928,0.67
67,0.972972972972973,0.02018018018018018,0.0,0.006846846846846847,0.68
68,0.972972972972973,0.02054054054054054,0.0,0.006486486486486486,0.69
69,0.972972972972973,0.021261261261261263,0.0,0.005765765765765766,0.7
70,0.972972972972973,0.022342342342342343,0.0,0.0046846846846846845,0.71
71,0.972972972972973,0.022342342342342343,0.0,0.0046846846846846845,0.72
72,0.972972972972973,0.023063063063063063,0.0,0.003963963963963964,0.73
73,0.972972972972973,0.023783783783783784,0.0,0.003243243243243243,0.74
74,0.972972972972973,0.024144144144144144,0.0,0.002882882882882883,0.75
75,0.972972972972973,0.024144144144144144,0.0,0.002882882882882883,0.76
76,0.972972972972973,0.024504504504504504,0.0,0.0025225225225225223,0.77
77,0.972972972972973,0.024504504504504504,0.0,0.0025225225225225223,0.78
78,0.972972972972973,0.024864864864864864,0.0,0.002162162162162162,0.79
79,0.972972972972973,0.024864864864864864,0.0,0.002162162162162162,0.8
80,0.972972972972973,0.024864864864864864,0.0,0.002162162162162162,0.81
81,0.972972972972973,0.025585585585585584,0.0,0.0014414414414414415,0.82
82,0.972972972972973,0.025585585585585584,0.0,0.0014414414414414415,0.83
83,0.972972972972973,0.025585585585585584,0.0,0.0014414414414414415,0.84
84,0.972972972972973,0.025585585585585584,0.0,0.0014414414414414415,0.85
85,0.972972972972973,0.026306306306306305,0.0,0.0007207207207207207,0.86
86,0.972972972972973,0.026306306306306305,0.0,0.0007207207207207207,0.87
87,0.972972972972973,0.026306306306306305,0.0,0.0007207207207207207,0.88
88,0.972972972972973,0.026306306306306305,0.0,0.0007207207207207207,0.89
89,0.972972972972973,0.026306306306306305,0.0,0.0007207207207207207,0.9
90,0.972972972972973,0.026306306306306305,0.0,0.0007207207207207207,0.91
91,0.972972972972973,0.026306306306306305,0.0,0.0007207207207207207,0.92
92,0.972972972972973,0.026306306306306305,0.0,0.0007207207207207207,0.93
93,0.972972972972973,0.026306306306306305,0.0,0.0007207207207207207,0.94
94,0.972972972972973,0.026306306306306305,0.0,0.0007207207207207207,0.95
95,0.972972972972973,0.026306306306306305,0.0,0.0007207207207207207,0.96
96,0.972972972972973,0.026306306306306305,0.0,0.0007207207207207207,0.97
97,0.972972972972973,0.02666666666666667,0.0,0.00036036036036036037,0.98
98,0.972972972972973,0.02666666666666667,0.0,0.00036036036036036037,0.99
99,0.972972972972973,0.02666666666666667,0.0,0.00036036036036036037,1.0
