,tn,fp,fn,tp,percentage
0,0.002882882882882883,0.0,0.9700900900900901,0.02702702702702703,0.01
1,0.005045045045045045,0.0,0.9679279279279279,0.02702702702702703,0.02
2,0.0075675675675675675,0.0,0.9654054054054054,0.02702702702702703,0.03
3,0.00972972972972973,0.0,0.9632432432432433,0.02702702702702703,0.04
4,0.013333333333333334,0.0,0.9596396396396396,0.02702702702702703,0.05
5,0.015495495495495495,0.0,0.9574774774774775,0.02702702702702703,0.06
6,0.022702702702702703,0.0,0.9502702702702702,0.02702702702702703,0.07
7,0.032432432432432434,0.0,0.9405405405405406,0.02702702702702703,0.08
8,0.05117117117117117,0.0,0.9218018018018018,0.02702702702702703,0.09
9,0.0681081081081081,0.0,0.9048648648648648,0.02702702702702703,0.1
10,0.08540540540540541,0.0,0.8875675675675676,0.02702702702702703,0.11
11,0.10810810810810811,0.0,0.8648648648648649,0.02702702702702703,0.12
12,0.13873873873873874,0.0,0.8342342342342343,0.02702702702702703,0.13
13,0.1744144144144144,0.0,0.7985585585585585,0.02702702702702703,0.14
14,0.20684684684684684,0.0,0.7661261261261261,0.02702702702702703,0.15
15,0.24576576576576575,0.0,0.7272072072072072,0.02702702702702703,0.16
16,0.33585585585585587,0.0,0.6371171171171172,0.02702702702702703,0.17
17,0.39315315315315313,0.0,0.5798198198198198,0.02702702702702703,0.18
18,0.4572972972972973,0.0,0.5156756756756756,0.02702702702702703,0.19
19,0.5052252252252252,0.0,0.46774774774774774,0.02702702702702703,0.2
20,0.5585585585585585,0.0,0.4144144144144144,0.02702702702702703,0.21
21,0.609009009009009,0.0,0.36396396396396397,0.02702702702702703,0.22
22,0.6587387387387388,0.0,0.31423423423423424,0.02702702702702703,0.23
23,0.6972972972972973,0.0,0.2756756756756757,0.02702702702702703,0.24
24,0.7358558558558559,0.0,0.2371171171171171,0.02702702702702703,0.25
25,0.767927927927928,0.0,0.20504504504504503,0.02702702702702703,0.26
26,0.7956756756756757,0.00036036036036036037,0.1772972972972973,0.02666666666666667,0.27
27,0.8273873873873874,0.00036036036036036037,0.1455855855855856,0.02666666666666667,0.28
28,0.8565765765765766,0.00036036036036036037,0.1163963963963964,0.02666666666666667,0.29
29,0.8727927927927928,0.00036036036036036037,0.10018018018018018,0.02666666666666667,0.3
30,0.8900900900900901,0.0007207207207207207,0.08288288288288288,0.026306306306306305,0.31
31,0.9055855855855856,0.001081081081081081,0.06738738738738739,0.025945945945945945,0.32
32,0.9163963963963964,0.0018018018018018018,0.056576576576576575,0.025225225225225224,0.33
33,0.9340540540540541,0.002162162162162162,0.03891891891891892,0.024864864864864864,0.34
34,0.940900900900901,0.002162162162162162,0.03207207207207207,0.024864864864864864,0.35
35,0.947027027027027,0.002882882882882883,0.025945945945945945,0.024144144144144144,0.36
36,0.9509909909909909,0.0036036036036036037,0.021981981981981983,0.023423423423423424,0.37
37,0.9542342342342343,0.003963963963963964,0.018738738738738738,0.023063063063063063,0.38
38,0.9553153153153153,0.003963963963963964,0.017657657657657658,0.023063063063063063,0.39
39,0.9581981981981982,0.0046846846846846845,0.014774774774774775,0.022342342342342343,0.4
40,0.9596396396396396,0.0046846846846846845,0.013333333333333334,0.022342342342342343,0.41
41,0.9618018018018017,0.005045045045045045,0.011171171171171172,0.021981981981981983,0.42
42,0.9628828828828829,0.005405405405405406,0.01009009009009009,0.021621621621621623,0.43
43,0.9657657657657658,0.006126126126126126,0.007207207207207207,0.020900900900900903,0.44
44,0.9682882882882883,0.006126126126126126,0.0046846846846846845,0.020900900900900903,0.45
45,0.969009009009009,0.006486486486486486,0.003963963963963964,0.02054054054054054,0.46
46,0.9697297297297297,0.007207207207207207,0.003243243243243243,0.01981981981981982,0.47
47,0.9708108108108108,0.007207207207207207,0.002162162162162162,0.01981981981981982,0.48
48,0.9708108108108108,0.008288288288288289,0.002162162162162162,0.018738738738738738,0.49
49,0.9715315315315315,0.008648648648648649,0.0014414414414414415,0.018378378378378378,0.5
50,0.9722522522522522,0.009369369369369369,0.0007207207207207207,0.017657657657657658,0.51
51,0.9722522522522522,0.01009009009009009,0.0007207207207207207,0.016936936936936937,0.52
52,0.9722522522522522,0.010810810810810811,0.0007207207207207207,0.016216216216216217,0.53
53,0.9722522522522522,0.011891891891891892,0.0007207207207207207,0.015135135135135135,0.54
54,0.9722522522522522,0.012972972972972972,0.0007207207207207207,0.014054054054054054,0.55
55,0.9722522522522522,0.013693693693693694,0.0007207207207207207,0.013333333333333334,0.56
56,0.9726126126126126,0.015135135135135135,0.00036036036036036037,0.011891891891891892,0.57
57,0.972972972972973,0.015135135135135135,0.0,0.011891891891891892,0.58
58,0.972972972972973,0.016576576576576577,0.0,0.010450450450450451,0.59
59,0.972972972972973,0.016936936936936937,0.0,0.01009009009009009,0.6
60,0.972972972972973,0.017657657657657658,0.0,0.009369369369369369,0.61
61,0.972972972972973,0.018018018018018018,0.0,0.009009009009009009,0.62
62,0.972972972972973,0.018378378378378378,0.0,0.008648648648648649,0.63
63,0.972972972972973,0.018738738738738738,0.0,0.008288288288288289,0.64
64,0.972972972972973,0.0190990990990991,0.0,0.007927927927927928,0.65
65,0.972972972972973,0.01981981981981982,0.0,0.007207207207207207,0.66
66,0.972972972972973,0.021981981981981983,0.0,0.005045045045045045,0.67
67,0.972972972972973,0.022702702702702703,0.0,0.004324324324324324,0.68
68,0.972972972972973,0.022702702702702703,0.0,0.004324324324324324,0.69
69,0.972972972972973,0.023063063063063063,0.0,0.003963963963963964,0.7
70,0.972972972972973,0.023063063063063063,0.0,0.003963963963963964,0.71
71,0.972972972972973,0.023423423423423424,0.0,0.0036036036036036037,0.72
72,0.972972972972973,0.023783783783783784,0.0,0.003243243243243243,0.73
73,0.972972972972973,0.024144144144144144,0.0,0.002882882882882883,0.74
74,0.972972972972973,0.024504504504504504,0.0,0.0025225225225225223,0.75
75,0.972972972972973,0.024864864864864864,0.0,0.002162162162162162,0.76
76,0.972972972972973,0.024864864864864864,0.0,0.002162162162162162,0.77
77,0.972972972972973,0.024864864864864864,0.0,0.002162162162162162,0.78
78,0.972972972972973,0.024864864864864864,0.0,0.002162162162162162,0.79
79,0.972972972972973,0.024864864864864864,0.0,0.002162162162162162,0.8
80,0.972972972972973,0.025225225225225224,0.0,0.0018018018018018018,0.81
81,0.972972972972973,0.025225225225225224,0.0,0.0018018018018018018,0.82
82,0.972972972972973,0.025585585585585584,0.0,0.0014414414414414415,0.83
83,0.972972972972973,0.025585585585585584,0.0,0.0014414414414414415,0.84
84,0.972972972972973,0.026306306306306305,0.0,0.0007207207207207207,0.85
85,0.972972972972973,0.026306306306306305,0.0,0.0007207207207207207,0.86
86,0.972972972972973,0.026306306306306305,0.0,0.0007207207207207207,0.87
87,0.972972972972973,0.026306306306306305,0.0,0.0007207207207207207,0.88
88,0.972972972972973,0.026306306306306305,0.0,0.0007207207207207207,0.89
89,0.972972972972973,0.026306306306306305,0.0,0.0007207207207207207,0.9
90,0.972972972972973,0.026306306306306305,0.0,0.0007207207207207207,0.91
91,0.972972972972973,0.026306306306306305,0.0,0.0007207207207207207,0.92
92,0.972972972972973,0.026306306306306305,0.0,0.0007207207207207207,0.93
93,0.972972972972973,0.026306306306306305,0.0,0.0007207207207207207,0.94
94,0.972972972972973,0.026306306306306305,0.0,0.0007207207207207207,0.95
95,0.972972972972973,0.026306306306306305,0.0,0.0007207207207207207,0.96
96,0.972972972972973,0.026306306306306305,0.0,0.0007207207207207207,0.97
97,0.972972972972973,0.02666666666666667,0.0,0.00036036036036036037,0.98
98,0.972972972972973,0.02666666666666667,0.0,0.00036036036036036037,0.99
99,0.972972972972973,0.02666666666666667,0.0,0.00036036036036036037,1.0
