,tn,fp,fn,tp,percentage
0,0.002162162162162162,0.0,0.9708108108108108,0.02702702702702703,0.01
1,0.002882882882882883,0.0,0.9700900900900901,0.02702702702702703,0.02
2,0.0036036036036036037,0.0,0.9693693693693693,0.02702702702702703,0.03
3,0.007207207207207207,0.0,0.9657657657657658,0.02702702702702703,0.04
4,0.008288288288288289,0.0,0.9646846846846847,0.02702702702702703,0.05
5,0.00972972972972973,0.0,0.9632432432432433,0.02702702702702703,0.06
6,0.014414414414414415,0.0,0.9585585585585585,0.02702702702702703,0.07
7,0.018378378378378378,0.0,0.9545945945945946,0.02702702702702703,0.08
8,0.021981981981981983,0.0,0.9509909909909909,0.02702702702702703,0.09
9,0.03423423423423423,0.0,0.9387387387387387,0.02702702702702703,0.1
10,0.04108108108108108,0.0,0.9318918918918919,0.02702702702702703,0.11
11,0.04900900900900901,0.0,0.923963963963964,0.02702702702702703,0.12
12,0.07027027027027027,0.0,0.9027027027027027,0.02702702702702703,0.13
13,0.07783783783783783,0.0,0.8951351351351351,0.02702702702702703,0.14
14,0.09045045045045046,0.0,0.8825225225225225,0.02702702702702703,0.15
15,0.10522522522522522,0.0,0.8677477477477478,0.02702702702702703,0.16
16,0.1390990990990991,0.0,0.8338738738738739,0.02702702702702703,0.17
17,0.15603603603603602,0.0,0.8169369369369369,0.02702702702702703,0.18
18,0.17765765765765765,0.0,0.7953153153153153,0.02702702702702703,0.19
19,0.22378378378378377,0.0,0.7491891891891892,0.02702702702702703,0.2
20,0.2436036036036036,0.0,0.7293693693693694,0.02702702702702703,0.21
21,0.2688288288288288,0.0,0.7041441441441442,0.02702702702702703,0.22
22,0.31891891891891894,0.0,0.654054054054054,0.02702702702702703,0.23
23,0.3463063063063063,0.0,0.6266666666666667,0.02702702702702703,0.24
24,0.3772972972972973,0.0,0.5956756756756757,0.02702702702702703,0.25
25,0.4259459459459459,0.0,0.547027027027027,0.02702702702702703,0.26
26,0.4508108108108108,0.0,0.5221621621621622,0.02702702702702703,0.27
27,0.4810810810810811,0.0,0.4918918918918919,0.02702702702702703,0.28
28,0.5117117117117117,0.0,0.46126126126126127,0.02702702702702703,0.29
29,0.5672072072072072,0.0,0.4057657657657658,0.02702702702702703,0.3
30,0.5956756756756757,0.0,0.3772972972972973,0.02702702702702703,0.31
31,0.6252252252252253,0.0,0.34774774774774775,0.02702702702702703,0.32
32,0.6774774774774774,0.0,0.2954954954954955,0.02702702702702703,0.33
33,0.7023423423423424,0.0,0.27063063063063064,0.02702702702702703,0.34
34,0.7246846846846847,0.0,0.24828828828828828,0.02702702702702703,0.35
35,0.7607207207207207,0.00036036036036036037,0.21225225225225225,0.02666666666666667,0.36
36,0.7754954954954955,0.0007207207207207207,0.1974774774774775,0.026306306306306305,0.37
37,0.7906306306306307,0.0007207207207207207,0.18234234234234234,0.026306306306306305,0.38
38,0.8201801801801801,0.001081081081081081,0.1527927927927928,0.025945945945945945,0.39
39,0.8324324324324325,0.001081081081081081,0.14054054054054055,0.025945945945945945,0.4
40,0.8486486486486486,0.001081081081081081,0.12432432432432433,0.025945945945945945,0.41
41,0.8753153153153154,0.0018018018018018018,0.09765765765765766,0.025225225225225224,0.42
42,0.8843243243243243,0.0018018018018018018,0.08864864864864865,0.025225225225225224,0.43
43,0.8958558558558558,0.0018018018018018018,0.07711711711711712,0.025225225225225224,0.44
44,0.9048648648648648,0.002162162162162162,0.0681081081081081,0.024864864864864864,0.45
45,0.9174774774774774,0.002162162162162162,0.0554954954954955,0.024864864864864864,0.46
46,0.9243243243243243,0.0025225225225225223,0.04864864864864865,0.024504504504504504,0.47
47,0.9311711711711712,0.0025225225225225223,0.041801801801801805,0.024504504504504504,0.48
48,0.9365765765765766,0.0025225225225225223,0.0363963963963964,0.024504504504504504,0.49
49,0.9427027027027027,0.002882882882882883,0.03027027027027027,0.024144144144144144,0.5
50,0.9445045045045045,0.002882882882882883,0.02846846846846847,0.024144144144144144,0.51
51,0.9491891891891892,0.003963963963963964,0.023783783783783784,0.023063063063063063,0.52
52,0.9506306306306306,0.003963963963963964,0.022342342342342343,0.023063063063063063,0.53
53,0.9531531531531532,0.004324324324324324,0.01981981981981982,0.022702702702702703,0.54
54,0.9574774774774775,0.0046846846846846845,0.015495495495495495,0.022342342342342343,0.55
55,0.9603603603603603,0.0046846846846846845,0.012612612612612612,0.022342342342342343,0.56
56,0.9636036036036036,0.0046846846846846845,0.009369369369369369,0.022342342342342343,0.57
57,0.9654054054054054,0.005045045045045045,0.0075675675675675675,0.021981981981981983,0.58
58,0.9672072072072072,0.005765765765765766,0.005765765765765766,0.021261261261261263,0.59
59,0.9675675675675676,0.006126126126126126,0.005405405405405406,0.020900900900900903,0.6
60,0.9693693693693693,0.006126126126126126,0.0036036036036036037,0.020900900900900903,0.61
61,0.9711711711711711,0.006846846846846847,0.0018018018018018018,0.02018018018018018,0.62
62,0.9715315315315315,0.007207207207207207,0.0014414414414414415,0.01981981981981982,0.63
63,0.9722522522522522,0.007927927927927928,0.0007207207207207207,0.0190990990990991,0.64
64,0.9722522522522522,0.009369369369369369,0.0007207207207207207,0.017657657657657658,0.65
65,0.9726126126126126,0.00972972972972973,0.00036036036036036037,0.017297297297297298,0.66
66,0.9726126126126126,0.01009009009009009,0.00036036036036036037,0.016936936936936937,0.67
67,0.972972972972973,0.011171171171171172,0.0,0.015855855855855857,0.68
68,0.972972972972973,0.011531531531531532,0.0,0.015495495495495495,0.69
69,0.972972972972973,0.012252252252252252,0.0,0.014774774774774775,0.7
70,0.972972972972973,0.014054054054054054,0.0,0.012972972972972972,0.71
71,0.972972972972973,0.014774774774774775,0.0,0.012252252252252252,0.72
72,0.972972972972973,0.015495495495495495,0.0,0.011531531531531532,0.73
73,0.972972972972973,0.015855855855855857,0.0,0.011171171171171172,0.74
74,0.972972972972973,0.016936936936936937,0.0,0.01009009009009009,0.75
75,0.972972972972973,0.018378378378378378,0.0,0.008648648648648649,0.76
76,0.972972972972973,0.018378378378378378,0.0,0.008648648648648649,0.77
77,0.972972972972973,0.0190990990990991,0.0,0.007927927927927928,0.78
78,0.972972972972973,0.0190990990990991,0.0,0.007927927927927928,0.79
79,0.972972972972973,0.01945945945945946,0.0,0.0075675675675675675,0.8
80,0.972972972972973,0.01981981981981982,0.0,0.007207207207207207,0.81
81,0.972972972972973,0.02018018018018018,0.0,0.006846846846846847,0.82
82,0.972972972972973,0.02054054054054054,0.0,0.006486486486486486,0.83
83,0.972972972972973,0.021621621621621623,0.0,0.005405405405405406,0.84
84,0.972972972972973,0.021981981981981983,0.0,0.005045045045045045,0.85
85,0.972972972972973,0.021981981981981983,0.0,0.005045045045045045,0.86
86,0.972972972972973,0.023063063063063063,0.0,0.003963963963963964,0.87
87,0.972972972972973,0.024504504504504504,0.0,0.0025225225225225223,0.88
88,0.972972972972973,0.024504504504504504,0.0,0.0025225225225225223,0.89
89,0.972972972972973,0.024864864864864864,0.0,0.002162162162162162,0.9
90,0.972972972972973,0.025225225225225224,0.0,0.0018018018018018018,0.91
91,0.972972972972973,0.025585585585585584,0.0,0.0014414414414414415,0.92
92,0.972972972972973,0.025585585585585584,0.0,0.0014414414414414415,0.93
93,0.972972972972973,0.025945945945945945,0.0,0.001081081081081081,0.94
94,0.972972972972973,0.025945945945945945,0.0,0.001081081081081081,0.95
95,0.972972972972973,0.026306306306306305,0.0,0.0007207207207207207,0.96
96,0.972972972972973,0.026306306306306305,0.0,0.0007207207207207207,0.97
97,0.972972972972973,0.026306306306306305,0.0,0.0007207207207207207,0.98
98,0.972972972972973,0.026306306306306305,0.0,0.0007207207207207207,0.99
99,0.972972972972973,0.02702702702702703,0.0,0.0,1.0
