,tn,fp,fn,tp,percentage
0,0.001081081081081081,0.0,0.9718918918918918,0.02702702702702703,0.01
1,0.002882882882882883,0.0,0.9700900900900901,0.02702702702702703,0.02
2,0.005765765765765766,0.0,0.9672072072072072,0.02702702702702703,0.03
3,0.0075675675675675675,0.0,0.9654054054054054,0.02702702702702703,0.04
4,0.012972972972972972,0.0,0.96,0.02702702702702703,0.05
5,0.016936936936936937,0.0,0.956036036036036,0.02702702702702703,0.06
6,0.024864864864864864,0.0,0.9481081081081081,0.02702702702702703,0.07
7,0.02774774774774775,0.0,0.9452252252252252,0.02702702702702703,0.08
8,0.03855855855855856,0.0,0.9344144144144144,0.02702702702702703,0.09
9,0.0436036036036036,0.0,0.9293693693693694,0.02702702702702703,0.1
10,0.0554954954954955,0.0,0.9174774774774774,0.02702702702702703,0.11
11,0.06018018018018018,0.0,0.9127927927927928,0.02702702702702703,0.12
12,0.07243243243243243,0.0,0.9005405405405406,0.02702702702702703,0.13
13,0.07891891891891892,0.0,0.894054054054054,0.02702702702702703,0.14
14,0.09261261261261261,0.0,0.8803603603603604,0.02702702702702703,0.15
15,0.09837837837837837,0.0,0.8745945945945945,0.02702702702702703,0.16
16,0.11747747747747747,0.0,0.8554954954954955,0.02702702702702703,0.17
17,0.12792792792792793,0.0,0.8450450450450451,0.02702702702702703,0.18
18,0.15027027027027026,0.0,0.8227027027027027,0.02702702702702703,0.19
19,0.16216216216216217,0.0,0.8108108108108109,0.02702702702702703,0.2
20,0.18414414414414415,0.0,0.7888288288288289,0.02702702702702703,0.21
21,0.19603603603603603,0.0,0.7769369369369369,0.02702702702702703,0.22
22,0.2190990990990991,0.0,0.7538738738738738,0.02702702702702703,0.23
23,0.23423423423423423,0.0,0.7387387387387387,0.02702702702702703,0.24
24,0.2655855855855856,0.0,0.7073873873873874,0.02702702702702703,0.25
25,0.2796396396396396,0.0,0.6933333333333334,0.02702702702702703,0.26
26,0.3106306306306306,0.0,0.6623423423423423,0.02702702702702703,0.27
27,0.32684684684684684,0.0,0.6461261261261261,0.02702702702702703,0.28
28,0.35315315315315315,0.0,0.6198198198198198,0.02702702702702703,0.29
29,0.369009009009009,0.0,0.603963963963964,0.02702702702702703,0.3
30,0.41081081081081083,0.0,0.5621621621621622,0.02702702702702703,0.31
31,0.4245045045045045,0.0,0.5484684684684684,0.02702702702702703,0.32
32,0.45513513513513515,0.0,0.5178378378378379,0.02702702702702703,0.33
33,0.47063063063063065,0.0,0.5023423423423423,0.02702702702702703,0.34
34,0.4972972972972973,0.0,0.4756756756756757,0.02702702702702703,0.35
35,0.5120720720720721,0.0,0.4609009009009009,0.02702702702702703,0.36
36,0.54990990990991,0.0,0.42306306306306307,0.02702702702702703,0.37
37,0.5693693693693693,0.00036036036036036037,0.4036036036036036,0.02666666666666667,0.38
38,0.5996396396396396,0.001081081081081081,0.37333333333333335,0.025945945945945945,0.39
39,0.6144144144144145,0.0014414414414414415,0.35855855855855856,0.025585585585585584,0.4
40,0.6464864864864864,0.0014414414414414415,0.3264864864864865,0.025585585585585584,0.41
41,0.6605405405405406,0.0018018018018018018,0.3124324324324324,0.025225225225225224,0.42
42,0.69009009009009,0.0018018018018018018,0.2828828828828829,0.025225225225225224,0.43
43,0.7055855855855856,0.0018018018018018018,0.2673873873873874,0.025225225225225224,0.44
44,0.7304504504504504,0.0018018018018018018,0.24252252252252252,0.025225225225225224,0.45
45,0.7448648648648649,0.0018018018018018018,0.2281081081081081,0.025225225225225224,0.46
46,0.7762162162162162,0.0018018018018018018,0.19675675675675675,0.025225225225225224,0.47
47,0.7855855855855856,0.0018018018018018018,0.1873873873873874,0.025225225225225224,0.48
48,0.8061261261261261,0.002162162162162162,0.16684684684684684,0.024864864864864864,0.49
49,0.8158558558558558,0.0025225225225225223,0.15711711711711712,0.024504504504504504,0.5
50,0.825945945945946,0.002882882882882883,0.14702702702702702,0.024144144144144144,0.51
51,0.8486486486486486,0.003243243243243243,0.12432432432432433,0.023783783783783784,0.52
52,0.8583783783783784,0.003243243243243243,0.11459459459459459,0.023783783783783784,0.53
53,0.8713513513513513,0.003243243243243243,0.10162162162162162,0.023783783783783784,0.54
54,0.8818018018018018,0.003243243243243243,0.09117117117117117,0.023783783783783784,0.55
55,0.8944144144144144,0.003243243243243243,0.07855855855855856,0.023783783783783784,0.56
56,0.9001801801801802,0.003243243243243243,0.0727927927927928,0.023783783783783784,0.57
57,0.9106306306306307,0.003243243243243243,0.062342342342342344,0.023783783783783784,0.58
58,0.9163963963963964,0.003243243243243243,0.056576576576576575,0.023783783783783784,0.59
59,0.9282882882882882,0.004324324324324324,0.044684684684684686,0.022702702702702703,0.6
60,0.9326126126126126,0.0046846846846846845,0.04036036036036036,0.022342342342342343,0.61
61,0.9369369369369369,0.0046846846846846845,0.036036036036036036,0.022342342342342343,0.62
62,0.9416216216216217,0.0046846846846846845,0.03135135135135135,0.022342342342342343,0.63
63,0.9448648648648649,0.005045045045045045,0.02810810810810811,0.021981981981981983,0.64
64,0.947027027027027,0.005045045045045045,0.025945945945945945,0.021981981981981983,0.65
65,0.9520720720720721,0.005765765765765766,0.020900900900900903,0.021261261261261263,0.66
66,0.9542342342342343,0.005765765765765766,0.018738738738738738,0.021261261261261263,0.67
67,0.9571171171171171,0.006126126126126126,0.015855855855855857,0.020900900900900903,0.68
68,0.9581981981981982,0.006486486486486486,0.014774774774774775,0.02054054054054054,0.69
69,0.9618018018018017,0.006486486486486486,0.011171171171171172,0.02054054054054054,0.7
70,0.9632432432432433,0.007207207207207207,0.00972972972972973,0.01981981981981982,0.71
71,0.9654054054054054,0.0075675675675675675,0.0075675675675675675,0.01945945945945946,0.72
72,0.9661261261261261,0.0075675675675675675,0.006846846846846847,0.01945945945945946,0.73
73,0.9679279279279279,0.008648648648648649,0.005045045045045045,0.018378378378378378,0.74
74,0.9679279279279279,0.009369369369369369,0.005045045045045045,0.017657657657657658,0.75
75,0.9686486486486486,0.00972972972972973,0.004324324324324324,0.017297297297297298,0.76
76,0.9686486486486486,0.00972972972972973,0.004324324324324324,0.017297297297297298,0.77
77,0.9693693693693693,0.010450450450450451,0.0036036036036036037,0.016576576576576577,0.78
78,0.9704504504504504,0.011171171171171172,0.0025225225225225223,0.015855855855855857,0.79
79,0.9715315315315315,0.012252252252252252,0.0014414414414414415,0.014774774774774775,0.8
80,0.9718918918918918,0.013333333333333334,0.001081081081081081,0.013693693693693694,0.81
81,0.9718918918918918,0.014774774774774775,0.001081081081081081,0.012252252252252252,0.82
82,0.9722522522522522,0.014774774774774775,0.0007207207207207207,0.012252252252252252,0.83
83,0.9722522522522522,0.016216216216216217,0.0007207207207207207,0.010810810810810811,0.84
84,0.9722522522522522,0.016576576576576577,0.0007207207207207207,0.010450450450450451,0.85
85,0.9726126126126126,0.016936936936936937,0.00036036036036036037,0.01009009009009009,0.86
86,0.972972972972973,0.016936936936936937,0.0,0.01009009009009009,0.87
87,0.972972972972973,0.02018018018018018,0.0,0.006846846846846847,0.88
88,0.972972972972973,0.02054054054054054,0.0,0.006486486486486486,0.89
89,0.972972972972973,0.021981981981981983,0.0,0.005045045045045045,0.9
90,0.972972972972973,0.022342342342342343,0.0,0.0046846846846846845,0.91
91,0.972972972972973,0.022702702702702703,0.0,0.004324324324324324,0.92
92,0.972972972972973,0.023063063063063063,0.0,0.003963963963963964,0.93
93,0.972972972972973,0.024144144144144144,0.0,0.002882882882882883,0.94
94,0.972972972972973,0.024864864864864864,0.0,0.002162162162162162,0.95
95,0.972972972972973,0.025585585585585584,0.0,0.0014414414414414415,0.96
96,0.972972972972973,0.025585585585585584,0.0,0.0014414414414414415,0.97
97,0.972972972972973,0.025945945945945945,0.0,0.001081081081081081,0.98
98,0.972972972972973,0.025945945945945945,0.0,0.001081081081081081,0.99
99,0.972972972972973,0.02666666666666667,0.0,0.00036036036036036037,1.0
